-0.03812870695960416 
0.021300572344855155 
-0.007799154728357097 
-0.044747940443749454 
-0.11818698905237839 
0.03727507766706648 
0.09982940269917853 
0.03129806178796351 
0.04644944062272957 
-0.22185034673446288 
-0.04374516515534979 
0.06644296304385051 
0.19156626154152867 
-0.035418150898669176 
0.019957792576928996 
-0.19217426279110103 
0.07099553653670797 
-0.12008928976547982 
-0.05917186103555013 
0.1590643173289856 
-0.15695871362128044 
-0.028654424454787403 
0.2959135603575 
0.09630269824438328 
-0.04165137302310183 
-0.11097130849274538 
0.02726027849933033 
-0.21683434534446136 
-0.11147559952354469 
0.10401474122189568 
0.013188744123881458 
0.11200409991909852 
0.0011832294996188132 
0.13005229996274412 
-0.05140039445315983 
0.04387842854932946 
-0.010595208357983719 
-0.33356484336570646 
-0.022365068062085918 
-0.04620904382640794 
0.027185963074018635 
-0.06560678618874491 
-0.06811266616609547 
-0.020346868152248322 
-0.24895532092755723 
-0.0821695542033237 
0.021868785869832017 
0.045849859930065205 
-0.05213244519029116 
-0.18647636113540286 
-0.21244812144373662 
0.0850452054361144 
0.11993840524336685 
0.10586707446816988 
-0.06006612501695154 
-0.03157071268705483 
-0.14545048785215406 
-0.057294998888701064 
-0.14107435884025626 
0.006181398415717316 
0.139491499715614 
0.0156320544921787 
-0.04868316344567067 
-1.51168693795871E-4 
-0.059114710646678614 
0.006193538928459328 
0.11327046413580263 
-0.09994421082763646 
0.13428821664971885 
-0.12257350552600259 
0.03226091734814562 
-0.05812132170581139 
0.21214152726595878 
0.17233775782833768 
0.03246645161727068 
0.0747733034410249 
-0.09054060116576532 
0.09612205454740008 
-0.10134657499090606 
-0.017253692402961856 
0.13152647125100567 
-0.19575735852069953 
-0.10061268131773872 
0.14956072650796448 
5.756608781333076E-4 
-0.14386026740567062 
-0.020682819967091603 
-0.025539459059183964 
0.03620484712979496 
-0.038122323527609345 
-0.005096621753434334 
-0.03333059181353963 
-0.1140021506157814 
-0.028422599722663616 
-0.07052848027592283 
-0.10795678462665419 
-0.012499145986660139 
0.01918461762166029 
-0.13303425573674582 
0.0898445698581859 
-0.03324478564258918 
0.1763055833396612 
-0.011434449137205545 
0.07674677411948709 
0.22643570644647285 
0.006857618855694435 
-0.041012754839234236 
0.14247537965369614 
-0.13199281350264097 
-0.019325743908338716 
0.11958417546076756 
0.07802398282567272 
-0.10762862521055647 
-0.08118168174801708 
0.0683209759683966 
-0.03424892476075925 
-0.30854674048532915 
0.08393882623458035 
0.014835055245284877 
-0.12733343160823427 
0.06798697328857056 
0.13435904837101972 
0.010624119409685648 
0.032220498133686645 
0.10269614704631455 
-0.0056357008601031 
-0.08799859430749961 
-0.09205194702184895 
-0.0625117508521868 
0.09828083869265235 
0.09606127731159136 
0.011083744134146234 
-0.01776755225191446 
-0.03343755192862278 
-0.03623285297457827 
0.11744203618086105 
-0.0135437962362963 
-0.056080869310188505 
0.07741135909538265 
0.1483288368306109 
0.07267501977442138 
-0.08214934036405448 
0.08435890555632014 
0.07007885697514943 
-0.014715594789264763 
0.03874419074513121 
-0.10996466824774087 
0.027856957034439866 
0.04344575266444621 
0.04011226580658861 
0.05831945865037483 
0.07710531946231469 
0.010197411600537467 
-0.029822637173680194 
-0.08550750614609424 
-0.2005605355954959 
-0.110353684146869 
-0.043569356697812055 
0.03275579067455643 
-0.03500826603202625 
0.0016442291169673207 
0.013532518462811994 
0.1408685694461583 
-0.05439551901069062 
-0.05198787437422122 
0.02446876581128221 
-0.10553780847110386 
-0.07053818342361508 
0.16092120542574664 
0.07261256406224047 
-0.039011056396362556 
0.1730305250279542 
0.05200497954805994 
-0.02701761972163001 
0.08209226960629508 
-0.10019479335447362 
-0.0995437906635616 
0.10356757939352756 
-0.10169524329430404 
0.07897460529943637 
-0.08563613579543249 
0.12682126832360804 
-0.15671804817731172 
-0.0023079224219188467 
0.1813456179712673 
0.09079319726121096 
0.19889448322763317 
0.23969199179015888 
0.028997168730777546 
0.06465369867320632 
-0.1262331638768305 
-0.14059702155870887 
0.20941431145903192 
0.058072014344463976 
0.05384245581272675 
-0.013720161455235556 
0.04953374634666552 
-0.05351347876129694 
-0.05977944728468201 
0.21280301463180326 
0.01707632931351221 
0.059988083214548425 
0.2301893035804426 
-0.12858011788983167 
0.12353531285220751 
0.048988492712330155 
0.09014125970610477 
-0.03947487484821778 
0.09049447307100711 
-0.15902848090919622 
0.023636532652592673 
-0.04515477408305536 
0.033102930334520816 
0.12227807281533304 
-0.05486592474691762 
0.03099506651198807 
-0.14373415819073365 
0.1338450735785706 
0.05890909482217532 
-0.027713422757471348 
0.1023586975714509 
0.14268836080532166 
-0.2007652566160293 
-0.02961864815148765 
0.003272057904260087 
0.11454930904532735 
-0.009617887098314098 
-0.014349565911401291 
-0.0984749788417324 
-0.07931441027110081 
0.032474677616600355 
-0.06271587572487432 
0.0718610001318917 
0.12868106932717738 
-0.0033758762153464853 
-0.040705688229232394 
0.04735651465823516 
0.05168362454833325 
0.054007528330925 
-0.06085672980280419 
-0.15165230709864758 
-0.06922024071809388 
-0.0042946520403682195 
0.024758223339400656 
-0.1014361010634679 
0.1492739384028201 
0.12429555821698833 
0.07507870237206568 
0.01592278894357779 
0.12373639608595906 
-0.0018834747876673187 
0.1374984414525865 
-0.09775974480166479 
-0.19078886082250998 
-0.03156792758939341 
0.08547928638685526 
-0.05838194077724342 
-0.15105923695948875 
-0.01191115541923093 
-0.0014252649572129837 
0.043255129956991496 
0.02520414671710223 
0.15611499634550036 
-0.0469407324912009 
0.04240322357425273 
-0.0794279512016877 
0.032527939943531634 
0.004674251776514495 
0.17631308399404563 
-0.13347433783077362 
-0.09945102315514974 
-0.028536227719977846 
-0.023234216201526908 
-0.06948044959390988 
-0.0461517278174249 
-0.0439889766046903 
-0.08933525484663452 
0.07086137213565734 
0.039512316366679415 
-0.16934958960143962 
-0.19705074551705343 
0.0016941332956016458 
-0.034630522947413464 
0.10211572121450901 
0.1613055049126659 
0.0630519926138956 
-0.03918986698172953 
0.08001911388420126 
-0.1384643048122847 
-0.010412522505791307 
0.014313588823247491 
-0.050415446321150095 
0.030837998854589817 
0.15291226577837272 
0.0800326570826637 
0.12062365699515339 
-0.02143762238607472 
-0.06343352094131512 
-0.19162739395182168 
-0.002722422335475931 
-0.010293789648716748 
-0.0054288820939491925 
7.008362097081867E-4 
-0.18494152571585215 
-0.1688036803240509 
-0.05685928313796469 
-0.13464135739547411 
-0.008123224544373253 
-0.07528191623033138 
-0.15728982487979462 
-0.13897001615063945 
0.11843637805698515 
-0.010209698409982393 
0.03397533369027086 
-0.14991925353401958 
0.03931501029871121 
0.01585365338929601 
-0.047818430521850384 
0.11563247255666513 
-0.004692034292977278 
-0.07726083230557154 
0.08525947956309804 
0.11370501178728157 
-0.020338921512317486 
-0.044945522800203495 
0.06882960857204574 
0.04619231266272105 
0.03303703051281538 
0.03009486706272137 
0.15085555686935934 
-0.05119208586426525 
-0.20632736802944204 
-0.11061664728351152 
-0.1439291386912911 
0.11904638795271105 
-0.2157378301430574 
0.056324569879102934 
-0.048497787886908755 
0.14971202252621288 
-0.03081874169318365 
-0.014258059997338441 
0.10251410481635675 
-0.06028125025446796 
0.12941372503763812 
-0.05234096453427682 
-0.044861616186769045 
-0.13977776338699832 
0.1640345905475146 
0.13670874081748782 
-0.06236139763135964 
-0.0075160546371563965 
0.0047554894200055285 
-0.11721598771639978 
0.03374567349323794 
-0.01715162494605025 
0.037197644189435976 
-0.045665286809625213 
0.029106575137050415 
0.010036906204163283 
0.10822157801638588 
0.011813523199119075 
0.12126700807029929 
0.19154199163553665 
0.1087650938032593 
0.015847663171671283 
-0.013489140506291603 
-0.04846548551798957 
-0.03270031979280851 
-0.043192311971959836 
0.04679388742030228 
0.0636200176400523 
-0.01949352020484064 
-0.08425667436486867 
-0.07692127651282657 
-0.18517996409503262 
-0.06468947349513854 
0.07923336001164703 
-0.10030633598144283 
0.12795748050755834 
-0.06367480264653934 
0.028909890067650556 
-0.12746982132325205 
-0.16067849503917014 
0.1287823327229886 
-0.029395279006871264 
0.13060989660530448 
0.07271952004221445 
0.10210877401198841 
0.09035432294035294 
-0.008735798623466616 
0.006910477125210533 
0.2181065922002448 
-0.023605449694068366 
-0.0844225397901431 
-0.10939187874417827 
0.017491655393772093 
0.005871333047008973 
-0.16060731772111575 
-0.09963369462010908 
0.0258529399289326 
-0.08458264213051264 
-0.060963119075890686 
0.005941192983903507 
-0.041241491165110264 
0.10785965178737719 
0.15717602706086986 
-0.030184584269550254 
-0.018451944299726193 
0.0683659535338458 
0.17875056704465705 
-0.05295117299902072 
0.1503735699312652 
-0.12130387052810718 
0.13813063976255285 
0.05860306187965698 
-0.18641013921406951 
-0.07751049720030938 
-0.010786137365874639 
-0.1854268152899498 
0.042096025804968844 
-0.09810936019096361 
0.1412770104032145 
-0.05479125382731208 
-0.08908307885332632 
0.014965051652362045 
-0.0029838824994557834 
-0.0120081081255021 
-0.20183280756432573 
0.012980544174745175 
0.10542470032383167 
-0.031063310474440237 
0.0575345540488357 
0.09562725509810166 
-0.054318442108289254 
0.11202230547319728 
0.052557542015826235 
-0.07315243744321814 
0.0733720340188311 
-0.01800964128894373 
-0.12917861719329155 
-0.09490924478419556 
-0.08001122030867332 
0.022747110854783453 
-0.0180255766394893 
0.07380154929271993 
0.10073518731745502 
0.12466936025352598 
-0.11216890189520046 
0.05546947586298173 
-0.028285475859141148 
-0.03038177130113066 
0.18082124311609607 
0.07204332566714983 
0.07476574154090841 
-0.022469391155778874 
0.004703387654041222 
0.11989756363107953 
0.05317321744286421 
-0.08887748797090651 
-0.05550896649873923 
-0.22821673913149668 
-0.027677005157431524 
0.17061937856632486 
0.07490080841565298 
-0.02145884829608872 
0.11841634253888003 
0.048153170625512706 
0.09059792240447131 
0.08187839174860553 
-0.046288257332926804 
-0.007057999080268295 
-0.12135606276876439 
0.10871634522394273 
-0.057393124587214704 
-0.05446610225490366 
0.12545228613346723 
-0.026166387947267746 
0.07851218796712876 
0.04866005429037189 
-0.05837728331165274 
-0.08392187709645707 
0.05221012703084636 
0.03155888565877039 
-0.07183421237564723 
-0.06319964384032173 
0.15509757759771942 
0.02901802537520707 
-0.1102395360072515 
0.17257147943582052 
-0.02718819032468289 
-0.05578636805416404 
-0.07181065059952188 
0.14869981731998028 
0.0027284865603694956 
-0.07000945472257686 
-0.04006203617786409 
0.2017298324724141 
0.0036890584652688897 
-0.01791957985748277 
0.11739469367718432 
-0.12003540508774115 
0.061644353903641175 
-0.0086094186779385 
-0.19496140022901084 
-0.05402081783706688 
-0.023207325526217546 
0.1181874390382312 
0.16589111960661393 
0.03930803014426528 
-0.060807583672066796 
0.02946939400018859 
-0.14217756310657295 
-0.014649080167259451 
0.06792042352526188 
-0.012300479160648213 
-0.06432607836719906 
0.07986686079484132 
-0.11223973683063236 
0.048455862639209826 
-0.1397352925069242 
0.17817404265028008 
0.0655573230370495 
-0.15140836450761364 
-0.005635197125515805 
0.02444739218828165 
0.07161039573131892 
-0.20270240964717126 
-0.009214141127413323 
0.04106668082550972 
-0.19290504141546413 
-0.0964331433154715 
-0.09242775963586376 
-0.14440097887303613 
-0.015241137388858222 
-0.18523057195631043 
0.1838919166663779 
0.07461405429544322 
0.12019462644140227 
-0.12839549393794325 
0.049628362330494495 
-0.09984105698029105 
-0.22034239438271552 
-0.0441436703746201 
-0.03644783880283114 
-0.07469649718054545 
-0.02186790077708899 
0.14470174956750595 
-0.16061597003130193 
-0.027418881632669406 
0.13375801492977968 
0.06411517195400386 
-0.007765817788714569 
0.20055309128325483 
0.16883103576315858 
0.0664658204117961 
0.09646623947294555 
-0.21807433327015946 
0.08310059719335332 
-0.032127822317567674 
-0.042537477919307905 
-0.06565133635271533 
0.030030951272866476 
-0.03368341470196132 
0.10667714844109481 
0.12853531977669697 
0.1478328063609642 
0.07160640054746341 
-0.032504913308351306 
-0.17039750614990978 
0.07409800470079701 
-0.0093031599867215 
-0.18434593820568065 
-0.005728645693082065 
-0.028433521220041176 
0.07321402001607218 
0.014578360061480255 
-0.012351343654476644 
0.04161598058894913 
0.08743931171495152 
-0.10810394424372051 
0.04191789822445442 
-0.039651011524906736 
0.0376968616333578 
-0.03476225757477679 
0.11950356751171194 
-0.2858663860267197 
-0.0632235936520648 
-0.12550616793449648 
-0.08120501861749471 
-0.030367344180366677 
0.18751942817033865 
0.03769325797489698 
-0.12402742237194452 
0.11050209287742703 
-0.07736155146264026 
0.030393440064764403 
-0.04853094580416546 
-0.11794829735034902 
-0.032345123744875685 
-0.01823575443530246 
0.09249052771363511 
0.039671875826704846 
-0.019650253095380307 
0.13042670019741323 
0.1732285223067828 
-0.09610309002330591 
-0.06441319208504011 
-0.0011199511107937439 
0.1559423678318522 
-0.16957600924479405 
-0.08324127501708842 
-0.0842614753019381 
0.09567127110872957 
0.14670314087255906 
-0.10126486246260577 
0.015377615008288693 
-0.04503719041334347 
0.030135252916082374 
0.028828801866933984 
0.1892497639691757 
0.1290629649870844 
0.07307802078853781 
0.02258438304730277 
-0.03251913668327972 
0.10740262901325429 
0.10855485467910773 
-0.11170774908357 
0.04600313584662847 
0.03855127870322324 
-0.060587857151374484 
-0.001998031817123588 
0.0868102528210446 
-0.00821176599747169 
0.1344925609674882 
0.052792303765652485 
-0.05987720527348244 
0.10514514399128932 
0.08980599042252013 
-0.06382907087329644 
-0.14393270481995282 
0.05345291895233941 
-0.009616659834629419 
-0.10154581196767129 
0.08149378123495002 
0.070997841827382 
-0.11546753682693296 
0.1732782251594062 
-0.028093319782722847 
-0.09896051741762668 
0.00881097015394344 
0.05457822432866979 
0.04741062057253402 
0.023218718931584267 
0.06549743301316274 
0.0555645199095631 
-0.12382640595647118 
-0.14279494644579213 
0.050929627905408684 
0.021200860885157477 
0.006952876807815831 
0.17033013024459587 
-0.07881823492017405 
0.047292220489929086 
-0.06249316182684866 
-0.016206790714557856 
0.012742827012743724 
-0.11013638088604044 
-0.12779331043717596 
0.009280358700655822 
0.02415001459919408 
-0.036688170608541126 
0.10232721219039329 
0.043747688188602384 
0.17563210109432142 
0.10892264434625687 
-0.061085759254243956 
-0.07918397025624943 
-0.010955855139400365 
-0.1120232091751784 
-0.01833319157501443 
