-0.05709889724949651 
0.04347388106982611 
0.08078997376160578 
-0.09677213783989887 
0.07132780108828815 
-0.12231937438930802 
-0.11565490633580741 
0.09124912586962489 
-0.13505245218752832 
0.0903976648003268 
0.09307428972054492 
0.1323733734522895 
-0.038659588716842455 
-0.03727411685261007 
0.06626969810362453 
-0.04512332458841767 
0.009309064915222414 
0.04312940545464893 
-0.05274855769463671 
-0.03907870512897893 
-0.1375813337049544 
0.05293464145339487 
-0.24949819951955565 
-0.06075820858999315 
0.06773236734417054 
0.06010566339513694 
-0.02050289064011391 
-0.08473207974786402 
-0.16158066015625006 
-0.019330945817938736 
0.0774338893752444 
-0.1669303160934918 
-0.07887182586483021 
0.02347757016310953 
0.006748798363015152 
0.04760151516259243 
-0.016826831771103393 
-0.0014599575565321782 
0.06704675302499002 
0.07976775161838506 
-0.045402763713041173 
0.05134936002182312 
-0.07431986453357539 
-0.03645690672014687 
0.11001664280674303 
-0.04606769342243813 
0.07634350198865084 
0.036586849665062544 
-0.08648576449208879 
0.02377566636738421 
-0.03918888006892318 
0.0882156123861491 
-0.12432284234377527 
-0.01096032220308398 
0.05749373498643331 
-0.05941581922102531 
-0.1295301006193756 
-0.02764686912620993 
0.008965141434434975 
-0.07241291342821757 
-0.10860572989581439 
-0.03870720183625844 
0.08467380470363241 
-0.08234351476482055 
0.09551703645559523 
-0.1548844553388091 
-0.09337588881419602 
-0.02710310208324177 
0.14070955971558524 
-0.005958576202821316 
-0.16755907577431528 
-0.04353647753360074 
0.15952897887463058 
-0.0745378679955815 
-0.01364683736808504 
0.11116003218713395 
8.454674913483209E-4 
-0.005146176349659206 
0.09591856341312903 
0.03707677272826658 
0.12561020710563917 
-0.07062920751667205 
-0.037977954757569404 
0.08148908158803536 
-0.16420994682629103 
0.12723739800211248 
0.024837158343305618 
0.05449117825764567 
-0.023327202599355376 
0.10575241065289565 
-0.03069026701628544 
-0.14550274081920336 
0.027305840611863787 
0.16235109970139538 
0.11236594947314107 
0.09182479036383696 
0.014308603314919704 
0.02981519883747198 
-0.04530697214122034 
-0.10386649731961836 
-0.20791658207894326 
0.12235430153607238 
0.038711501998914474 
-0.035474589564651736 
0.03708665662853603 
0.03880548861856912 
0.007229997150668678 
-0.028242208814761385 
-0.03216321664902283 
-0.0218937746759584 
-0.07091406662998759 
0.05373773734765086 
0.14784029293443343 
0.002826444100547161 
0.04476236524992917 
0.05521275406861086 
0.1342633879756662 
-0.18927330159543299 
0.014006795874937526 
-0.09982378583927005 
-0.02114917669016183 
0.016291244345957363 
0.008527690176776499 
0.030672331888324852 
0.20170172592074664 
-0.14954148720654828 
-0.045576647607969964 
0.11651236860611708 
0.20248679855295748 
-0.18766365040050856 
0.10215430098196883 
-0.07524461438599694 
-0.18869849728936838 
-0.2001254478528296 
0.11397099086147726 
0.05928437479854972 
0.04742964044329742 
-0.06408392672198973 
0.13365924663416856 
-0.155241032209161 
-0.07345745342887193 
-0.10945931184863612 
0.06932576809100176 
-0.11081232837148516 
-0.16511033744666048 
0.06218377180883283 
0.12904753077156045 
0.05266737335348544 
-0.021634041577691717 
0.14241240705868582 
-0.08487846254414722 
-0.07265290285401135 
-0.04348192416426072 
-0.05185197314544867 
-0.05682134934162093 
-0.10071486157102515 
0.0757543600757387 
0.032131760793295966 
0.1484767103029596 
-0.128296755605843 
0.007612646522740431 
-0.017437315131943076 
-0.12223980573246518 
0.19569733404773187 
-0.03394726747049421 
0.1739622224020174 
-0.15884317297832415 
0.12580471320105077 
0.07289408384452488 
-0.051925908286944315 
-0.002983766497484239 
-0.13323127889054276 
0.02407850667344009 
0.14117822801508276 
0.13693385934537977 
-0.055250359607991184 
-0.10246870196561125 
-0.06507520792118267 
-0.003576192080037846 
-0.09564032830719064 
0.23123069102665814 
-0.10345918965400519 
-0.09382420414189091 
-0.16238235264309553 
0.0521606601928702 
0.08094654630311124 
-1.8763904276569476E-4 
-0.004171170733783698 
0.013811732810982278 
0.1322791348290629 
0.043846560721926414 
0.05736668121880155 
-0.1269570444561333 
-0.02940203187168502 
0.07480337520934556 
0.15432634920503585 
0.07726262832300196 
0.027025547684978158 
-0.10781112524603703 
0.06113163811703209 
0.20103195686819814 
-0.0428991479946321 
0.15751721601355886 
-0.04173614042623042 
-0.01840285091156255 
0.11277975054775653 
-0.043670791729099316 
-0.04531672988001243 
0.08812908304794495 
0.1387129100248646 
0.004116758769982445 
0.07626852422179867 
-0.06813933609686743 
0.04962665858752115 
0.09192688282237829 
0.13864764606001861 
-0.037752993124927116 
0.00788790145794935 
-0.12571703477060955 
0.004188300612986503 
0.023810252522457897 
0.07129771004654163 
0.027339418176213194 
0.09391669503174484 
0.19141782025558274 
0.261903683279437 
0.1534955333329297 
-0.23177905549325828 
-0.24094904062126293 
-0.0035299451559745298 
0.03566495427054012 
-0.08813221607532806 
0.14666326593492354 
-0.07414252486524711 
-0.08339535345663077 
0.20151771745016184 
-0.06531040815510555 
0.14139171444351134 
0.02185361845805172 
0.038685940476674355 
-0.016153580954304005 
-0.12927611525209007 
0.18336996967602218 
0.15737384431104795 
0.014654380703332349 
0.053126284508602954 
-0.061663514554367964 
-0.10518678120529756 
-0.15782558846604672 
0.022313884320910256 
-0.048511645684617966 
0.08605784335224716 
0.03650471149987675 
-0.23913329103359365 
-0.1796893532559229 
0.2010695563555035 
0.13531020444610994 
-0.2011833648626063 
-0.025194473219361958 
0.0065174548223623854 
0.01601600134464077 
-0.047388631092383345 
-0.15929332094656784 
0.03786206360596799 
0.03155683554788219 
-0.05405361251249993 
0.08920519875701328 
0.049228192401878874 
0.19975076438324843 
-0.05589518853003208 
-0.0044935665074272955 
-0.019433486563306304 
6.267680223562086E-4 
-0.11977464921704305 
0.016420962422667246 
-0.027453711103679578 
-0.04761136056796397 
0.050017999818304924 
-0.010982394214751329 
-0.1534124405571514 
-0.06295763324852387 
-0.048490119728165346 
0.027987406804125366 
0.11305472396361932 
-0.03942851818940227 
-0.028461973888077932 
-0.05294367819939078 
-0.1803333596961917 
-0.04369949377764664 
-0.008525562293582542 
-0.06750103046572457 
0.17520591504253266 
-0.06862447998102865 
-0.08500908142418157 
-0.0825795005548622 
0.08819526808226882 
0.09113790420005966 
-0.0718972813912896 
-0.11332047759375395 
-0.09364256172560903 
0.10961186840873417 
0.0020431530479444312 
0.09978065143512498 
-0.027974419865531612 
-0.05811847779129314 
0.008905847652617828 
0.11463306920497184 
0.12970647347517486 
-0.16049211872845545 
-0.03929754943295967 
0.025318165824422534 
-0.03261066171318764 
-0.05444605924821826 
0.012714267325957805 
0.0023025618717792645 
-0.04421626509574392 
0.0536843115182483 
-0.15405326252994359 
-0.18646013008823203 
-0.16036036877780369 
0.058160586617429816 
0.0012813601839176162 
0.04571383448178017 
-0.16564362939969315 
0.07251186902923086 
-0.017601612197060506 
0.0053540421685198455 
0.005953366734055349 
-0.26560471766146415 
0.09209676572755429 
-0.13347217056583752 
0.07247284315738983 
0.06247121651117751 
-0.009029523345494879 
0.05288957780021367 
-0.0014143272710825732 
0.09247027240812551 
-0.022568857715950984 
0.024012702598195552 
-0.14914727039466677 
-0.009610351387417669 
-0.06521612278516953 
0.059977126881418284 
0.16354236229022245 
-0.01044552238773875 
0.07315807756205597 
-0.025467975196491327 
-0.07472798456542551 
0.08803366546805345 
0.10155023827772433 
0.019239271226519947 
-0.022463651481747747 
0.043654799158154727 
0.06298840508910634 
-0.09950797023312763 
0.11083228974480956 
-0.06455989095982338 
-0.024127840208722454 
0.019788026453526085 
-0.009485762703531325 
-0.07158469808834005 
-0.0927030459793289 
-0.030360706769098106 
-0.10320479333386805 
0.02007740517818665 
0.027695808713879503 
-0.03790249790476863 
0.041421261952923005 
-0.05202724596901692 
0.05818525409829226 
0.1721121378268851 
0.1278745549208042 
-0.019682169660789714 
0.10694327860584323 
0.02359755276158221 
0.11629508698647047 
-0.027267986734622378 
0.017187438794446848 
-0.007002297843264775 
0.17244381881097992 
-0.04190051914604107 
0.07818163152004717 
0.028539896853966205 
0.10874324086905397 
0.08097164055506229 
-0.14052187510591743 
