0.024737398519344252 
-0.1261175071953463 
-0.11109803025223741 
-0.11475318378051709 
0.06105654086732634 
0.10920535155725425 
-0.029716027182489644 
0.20403037400730256 
0.018678984279678023 
-0.02453769923437637 
-0.012567461619270878 
-0.19227050374036778 
-0.017821220713681734 
0.03367942671781397 
-0.05892762927307311 
0.2033324398859326 
0.11628324472789278 
-0.0635277036520598 
-0.16597416728568187 
-0.19935275996114118 
0.09622233007862312 
-0.10401708068044048 
-0.020798234288710693 
-0.05291448304262648 
0.03906055206761609 
-0.06051862315204795 
0.025622674253104744 
0.004728541390829545 
0.22984314068739076 
-0.1332423407770453 
0.18663117430977866 
0.09197547102593764 
0.21578135406668952 
0.08862472615981322 
-0.07452310009824989 
-0.026139666800181788 
-0.08002797263533679 
-0.12542762811123107 
-0.0776770410811181 
-0.12461770206680221 
0.03211702384659517 
-0.10571001909639416 
-0.14760932599781465 
0.24255090027665754 
-7.315700616993866E-4 
-0.14989139474681867 
-0.004753245914771319 
0.04865344557398402 
0.03162434495207218 
-0.047181323250626316 
-0.06436700374498007 
0.13825301699642106 
0.10688158284177517 
-0.09407450555721038 
0.03588153844219413 
-0.01988906914464104 
-0.04399579208810065 
0.1091170913034257 
-0.015944674936876867 
0.07761977702411375 
0.1687896584626949 
-0.12242876176662365 
-0.21575659707217917 
0.0677746423908327 
0.0762816237766489 
-0.11318343193019903 
0.0075092702313089 
0.23417070828786157 
0.05341758603910411 
-0.01670474341932228 
-0.2259456555925558 
0.08379836271956162 
-0.17036977142715395 
0.018166761144150393 
-0.006947316677771722 
-0.02769962597435521 
-0.10791953825050475 
0.002811824969804983 
-0.036675675731308886 
0.014073918847333503 
0.1684160108927253 
0.13272061488239967 
0.01388652209077071 
0.02412722205105464 
0.06217133616709633 
-0.12454625223609704 
0.06165530694434925 
-0.19303559955279287 
0.03500945897522827 
0.005219882310208896 
0.016316067100222504 
0.03563319740338922 
-0.03434559261482682 
-0.02396613368288288 
-0.08853154435242788 
0.05634079021921276 
0.08628977083035222 
0.05180507658969199 
0.052453795757143006 
0.20281087168570694 
-0.022751302856877566 
0.06041663843297943 
0.0031430418886519164 
-0.07522028203405098 
0.12183325391400161 
0.015297084906089692 
0.023054247233233505 
0.10437070991441594 
0.08885096280170784 
-0.08770372644441492 
0.09862368248383166 
0.06330202939715425 
-0.19143274506280894 
0.03963353439731482 
0.11646739642115242 
0.08235311334054937 
0.13072908183680307 
-0.17772610692267762 
0.04794055592568376 
0.1062631071680848 
-0.01990935638562694 
-0.042157450278775196 
0.05454008489998851 
0.07460820037362298 
0.03031961702318855 
0.05270299498340999 
0.011802516207240423 
0.05444152572235363 
-0.03498970513219255 
0.16703767839279207 
-0.027330403634630216 
-0.06852235765124609 
-0.09692821029473703 
0.11960684343014741 
-0.07433001843154553 
0.015331915198299068 
-0.13244596864595004 
0.017742390780568433 
-0.17898295019348318 
0.029617069413560633 
-0.0152119283339042 
0.02815447731963992 
-0.14607063144221505 
-0.057127623391989256 
0.1484991717732965 
-0.04660730231796882 
0.18973698248647214 
0.02027461370008071 
0.08243585698741963 
-0.1244173645745123 
-0.02700647210880971 
-0.06008258727861245 
0.1290547902776339 
-0.06974517437083383 
0.04748076861717868 
0.0627156889309714 
-0.02248773859842578 
-0.021948830295906115 
0.012266707512017992 
0.06996435211889453 
-0.09589965762903228 
0.07558217523497199 
6.651099141413034E-4 
0.009755082008033442 
-0.17064367959275356 
-0.06535967117145536 
0.00390784519455913 
0.038537371075825326 
-0.10645075389064976 
0.007215380692887294 
-0.11362660491868194 
-0.08226067779250472 
0.05064161909344499 
0.028374271498015143 
0.018930391632075463 
-0.04398190841723369 
0.04765872273807453 
-0.05222485190169666 
0.06470497841634468 
-0.1637354848902063 
-0.019371042497997117 
0.1700406426548948 
0.07812103461048889 
0.05120935542847458 
0.004184447743940208 
-0.12573908334157777 
-0.006393658876610794 
0.11180031402607214 
0.006317828587351288 
-0.12433015959237914 
-0.07481321523555644 
0.04875956988478558 
0.13833262105514746 
-0.19931722499972024 
-0.10237287691562666 
-0.044488701710039255 
0.18054948602231163 
0.06926850032272817 
-0.06291987671650329 
-0.15590221252750275 
0.09442689010866907 
-0.048225177201937905 
-0.10811408312409275 
-0.022415746575647554 
0.11468683631596807 
0.20273973356433092 
-0.008932812955335484 
-0.10313742269570353 
-0.05650746404062121 
0.049960861378309164 
0.05859170427424599 
-0.11284204654694836 
0.05543748193684202 
0.12333817408699209 
0.06260375205126899 
-0.02198750722500296 
0.04905688040072744 
0.010201015709257208 
0.012947939039117333 
-0.04109821646472042 
-0.01609639527921185 
-0.10147536859310007 
-0.09079761115406604 
0.19201420193289692 
0.02188449630084012 
0.14177214069719352 
0.043645182612207276 
-0.11847504210423694 
-0.044809452613137984 
0.1131634696033956 
0.05363732276581794 
-0.019631197045281792 
0.008560245177364064 
0.03688349521688851 
-0.12868654539256147 
0.07019721445626984 
0.0038249432719499473 
-0.05917588150261867 
0.1299075484372834 
-0.011176070053294695 
0.017893583313741086 
-0.044075094482711505 
0.08925236902609036 
-0.17260595212073815 
-0.011778507911798342 
0.03742952467675247 
0.054710436252494894 
-0.1343894422897547 
-0.1411871635994809 
-0.10348137531331197 
0.03192532202821077 
-0.10390988039289725 
0.23465873463620615 
-0.056217808673882146 
0.024633244307510835 
-0.0029249325780898155 
-0.022578110786432445 
-0.06543536029097852 
0.06757837050431097 
0.013800774094627799 
-0.04032064081950606 
0.11143445727182806 
0.04407790776504457 
0.007704890606752334 
0.06599408318184251 
-0.049979990436539085 
0.1286841241825187 
0.008987536723582495 
0.15127128872676324 
-0.009276649008584723 
-0.0770815598293134 
0.08090484476887208 
-0.005167982161896612 
-0.004211322429165795 
0.05907375902429351 
0.07863917287675054 
0.11723781084629499 
0.07642661522805644 
0.05667580419951013 
-0.05485876082676168 
-7.466365641469704E-4 
-0.005640195394624194 
-0.20502692553291463 
-0.12807869528147092 
0.09668332688777317 
-0.047938533875232676 
-0.11853870387011091 
0.015086275310216926 
0.09027147371787456 
0.10159422463232004 
-0.044399058749730026 
-0.03707699512501632 
-0.08902967244382311 
-0.033709462329556864 
0.0019531086559418354 
-0.09356854619646228 
-0.08486270270329863 
-0.09746898155631806 
-0.11926007946186826 
0.028544816664813157 
-0.0358144911872344 
0.1189592829329447 
0.014869175152199642 
-0.12927807231340835 
0.20042284979872738 
-0.14732239136459607 
0.015735333919627982 
0.1417199864317938 
-0.1764688004256113 
-0.14177127434714049 
0.03970291625385982 
-0.01338288207134807 
0.09038471603729885 
0.08343729775214241 
-0.13748394999607852 
0.09984479785348271 
-0.03545768113402713 
-0.06194270566938587 
-0.007674779476318356 
-0.08290201951927441 
-0.02545279689380163 
-0.08523795215881184 
0.14057456660594103 
0.21921812413388325 
-0.0662404740406048 
-0.1220040515680165 
-0.07567627067192048 
0.211947536573208 
0.04165028420425705 
-0.13478888400713882 
0.02511937873858397 
0.0607935280513415 
0.14941953201343433 
0.05867965751826852 
-0.09534553515398382 
0.11220443260224484 
0.043769493647670785 
-0.13869492395684702 
-0.003737516406006368 
0.03726200293531665 
0.010433560299792944 
-0.03820451967449279 
-0.25009166977015745 
-0.03360877025080743 
-0.07201978747774931 
-0.1669228311492708 
-0.020444986542047808 
-0.14311433919676708 
0.03334061416010186 
0.033572584180297106 
0.12711087406574723 
0.17491596714650887 
-0.025156372262158964 
0.18584826506250637 
-0.177390872907027 
0.06105212286860785 
-0.012568150045023261 
0.05677232991447821 
0.039414885298598185 
-0.09613809524779443 
0.011352876706463302 
-0.2597961926015074 
