1	0.7793752491847021
1	0.7791416403839946
1	0.779520026875802
1	3.231030681395353
1	0.7757276005235973
1	0.7791817060889419
1	0.7765435074893838
1	3.248817884999169
1	2.549139724098106
1	3.7716392505961776
1	2.617726700640987
1	3.687802584596139
1	3.0517555898298756
1	3.0909186804074946
1	2.501684403669032
1	2.468991493658629
1	2.5744017828435526
1	2.5093681339253346
1	6.953306724463496
1	2.522645497867754
1	2.488118245416285
1	2.518225363011817
1	3.710623757937676
1	3.037563359476234
1	3.7114838046681413
1	3.677185400360428
1	2.993697743447961
1	2.9636331303389705
1	2.477341268359294
1	3.731306296124428
1	6.3297122248772
1	2.1098860327813735
1	8.947143153977429
1	5.56389000010486
1	9.151829450549442
1	1.2739280897746885
1	-2.121009447283042
1	-2.1223061851013507
1	5.675620954641622
1	6.502259205083254
1	-9.62819318026827
1	6.71543455881063
1	6.8949681908226905
1	7.231643516204382
1	6.680387995826608
1	7.233495220663181
1	5.147744534786973
1	6.65317662294315
1	6.6991676893393555
1	6.676963812996245
1	6.674092939539131
1	6.366685114009666
1	6.662982788539883
1	6.657927483325876
1	6.657480712755537
1	6.691286672649101
1	6.661477318800472
1	6.67778999212627
1	7.232944303442459
1	7.223183555062205
1	-2.266812609062412
1	9.46645635146598
1	8.643359421325707
1	5.906257258666294
1	9.010245574287744
1	9.595763631119375
1	7.280382276021568
1	8.25584750777423
1	8.664788375584875
1	8.251423735345188
1	9.36537599303754
1	6.804559587196028
1	3.3815820397862497
1	9.522295008756005
1	3.8280800134013404
1	8.968415731478206
1	10.986173367943554
1	-8.96471263018641
1	-8.8389663230672
1	2.8437972645415455
1	4.508270004581571
1	11.487054245312986
1	4.5484273045891985
1	4.5716336086504725
1	4.538732906081643
1	4.5805780654939845
1	5.479762836617119
1	4.495441321062691
1	4.539294889584204
1	4.498980919065367
1	4.541749467747969
1	10.800013752382572
1	-0.8692540487354572
1	-1.9199160050558277
1	1.5820692989044653
1	-3.799114373123867
1	-2.5166836026230386
1	-0.4486873515845783
1	-3.406959537536277
1	1.5765456081082192
1	-0.920295261129521
1	-2.123262571616597
1	-1.090894272400794
1	-0.9184784131409178
1	-9.370945948969988
1	1.2980455821557517
1	2.890193674597686
1	-9.099859618268587
1	-6.662226871580463
1	-10.734461759193092
1	2.5161593251820635
1	-9.574983653591447
1	-2.664353737741621
1	5.6764845817674825
1	8.704245549651313
1	0.1712505467810299
1	-3.3435772137564017
1	-4.2546309046257775
1	0.12478467772694701
1	0.25868329574358073
1	0.17967366580249466
1	-3.0797807326480076
1	-4.318691158443028
1	-2.3366923676586175
1	-4.549203170732474
1	-4.333152444893496
1	-5.947013738740446
1	-4.3722312571282
1	8.266181807131096
1	-0.17443622326735708
1	5.765731754804898
1	-4.311056649546676
1	0.08703982038349256
1	-3.4777842737374165
1	-6.681334942774983
1	-4.2855414716477025
1	-8.756346362989156
1	-4.3449900236649235
1	8.656296401112916
1	-4.075280534019489
1	-4.307937163118591
1	0.21194980379966433
1	-2.26182849430971
1	-4.2470469068773555
1	-4.654636339911399
1	0.2136124366925065
1	-2.2421760348325304
1	8.669183225916967
1	-4.068227748357118
1	-3.0801793511413287
1	-3.080124119610087
1	-4.306799165618035
1	-2.2392631014566695
1	-4.327803912267552
1	0.18259152520752586
1	0.12819381615056535
1	0.21464581846676412
1	-4.3518686435101674
1	0.2295481521804632
1	-2.2983690432351263
1	-4.371805627911109
1	-4.31787710909365
1	-4.425422924005199
1	-4.309176948561104
1	-1.0781604062405223
1	-9.152864060370133
1	0.21443852335178715
1	-8.121742224759561
1	-2.2493930148733066
1	-4.266285450427432
1	7.17810506632921
1	4.208777146175974
1	-12.572586773377964
1	-5.948697261064334
1	10.700021084417795
1	7.182587146764121
1	7.155082572255367
1	-3.1202139999555776
1	-6.527927794345519
1	-5.114827139870483
1	-5.127338360232952
1	-5.1537566535828665
1	-5.228186910442196
1	-9.949872589094031
1	-5.391999589244001
1	-5.431661087749011
1	-4.7324393693711135
1	6.88135982212961
1	7.23443064000606
1	-3.566352020624892
1	6.38508047142119
1	-3.5909419103924405
1	-3.325808107952112
1	5.958433587423892
1	7.236518018415602
1	-5.8217666351418975
1	7.222873897514529
1	-3.085277904209215
1	-2.6033251180226253
1	-1.7807805820378255
1	-2.5890910915401912
1	-2.6177509805139443
1	-2.6191796484118686
1	-2.6232835029396675
1	-2.6319609171233744
1	-2.635214599438049
1	-2.6137301958838934
1	-2.175675503154783
1	-9.08884270958067
1	-3.2511425210000118
1	6.967193852748457
1	6.9203194838518725
1	5.6567706597592
1	7.199121244530124
1	6.990546000587196
1	5.299203833974283
1	7.70279534267494
1	-6.305427005647587
1	7.4288892832760975
1	6.982374190116021
1	5.717278468385869
1	6.648794281832217
1	7.012888628091384
1	7.201445022771385
1	6.126247778922982
1	8.61391717179082
1	0.19457444323590778
1	-3.2265127773008633
1	0.15355963276707962
1	0.263027275960539
1	0.20158600926147363
1	-2.3136531500929567
1	2.646725803942828
1	6.106079779836007
1	8.691144741929161
1	-9.03270469573629
1	0.23004756912303215
1	0.23182431861266029
1	-7.474868024812998
1	-2.986494926166057
1	0.17661785241215533
1	0.2042338028907884
1	0.12144804789394081
1	0.2442832544455693
1	0.20782643993153105
1	-9.033162663053135
1	-9.032870381069774
1	-9.032870381069774
1	0.23084605895229426
1	-2.241053601083985
1	7.425710534895757
1	-1.770760092707528
1	-5.083653624908703
1	-4.00602059675464
1	-2.818663020493353
1	2.9774210481153185
1	4.22464711088542
1	-4.404799658559338
1	4.185425229993845
1	2.7030349352043417
1	2.800925136081359
1	2.793811837936425
1	-11.092757303002053
1	2.0013438782314013
1	-2.938028213922444
1	-8.618449181215595
1	-4.496694819088692
1	3.9033867576167776
1	5.349648964161338
1	9.045386154132977
1	6.50937853295708
1	4.166756354509339
1	3.93160285890201
1	-2.844316032388665
1	-4.560180827724648
1	9.345575421224922
1	2.7774441908328864
1	6.4868666320392006
1	6.865241581077753
1	6.844055470130787
1	0.3879507475366264
1	-2.6899136794563727
1	12.352220543671946
1	9.056854370368177
1	4.047217901106135
1	-2.289097495560815
1	-0.3222937118121809
1	3.7749058379579052
1	-2.135025176998808
1	6.821884216313981
1	7.0955077367740245
1	6.854231489413303
1	5.191439736303206
1	4.083592034836334
1	0.10546239090643317
1	-6.821466826119841
1	4.188048316185096
1	7.101954198076548
1	3.3066721319975034
1	-8.874602263109344
1	2.6758545002819836
1	-2.8230465292971765
1	4.794085601590771
1	4.209387513305487
1	3.9474996747724447
1	4.691787563965139
1	-4.99893120567717
1	6.714439297081623
1	-3.023448307149385
1	1.9171394253428853
1	5.657337990060772
1	15.076224139328861
1	4.201148624920311
1	2.8468016802645604
1	8.996626687887005
1	9.011255433010767
1	8.751365162319725
1	8.745615874151408
1	8.76165217365872
1	8.99657929091638
1	9.018613645245102
1	7.820154667968761
1	6.029770466048786
1	6.048816418582552
1	2.7293387251409644
1	9.009629389466252
1	8.707861566980926
1	8.802705243394042
1	-8.901900790364635
1	-10.203095251942205
1	-2.280000265892973
1	-6.556737671183562
1	-10.858523517169088
1	-9.47180387799525
1	-1.4433352458890794
1	7.553688062078258
1	6.470586783377911
1	4.426895337041477
1	7.490006035602358
1	6.380333955003962
1	7.230044595947788
1	7.231908660066076
1	2.7505975991504976
1	-0.1277152544473399
1	0.2926841109264289
1	9.599563466927869
1	3.187801492366758
1	1.1081727635810283
1	9.566007261201884
1	2.8864547782159633
1	4.090439016647811
1	9.596595741848525
1	-2.7846849720355786
1	9.971026892915662
1	-1.6075649363669977
1	-3.7508313427103173
1	-3.6724939714552933
1	1.0378228800193319
1	9.574433357756666
1	9.573115902857174
1	-0.6885521529950762
1	2.499131907928164