680
4.3381677
   38.96  2891.5   363.0    -63.48     78.15
4.162361
   33.36  2891.5   340.0    -27.50      8.47
4.188569
   33.95  2891.5   337.6     84.01    133.62
4.175806
   33.63  2891.5   336.3     59.89   -123.27
4.031799
   30.26  2891.5   311.2     10.51    -72.92
4.285735
   36.66  2891.5   341.5     70.21    100.66
3.9257553
   28.70  2891.5   319.7     51.44    138.10
4.0274434
   30.49  2891.5   326.8     58.86    131.59
4.0519853
   30.39  2891.5   301.7     79.07    126.62
4.150666
   32.48  2891.5   310.3     85.42    100.54
3.9692352
   29.25  2891.5   312.1     57.81     71.02
4.300293
   36.80  2891.5   328.4     69.77     99.84
4.0369053
   29.88  2891.5   291.8     59.61   -113.58
4.076437
   30.64  2891.5   294.9     61.54    132.45
4.127436
   30.63  2891.5   266.3    -31.97   -146.53
3.9228477
   28.64  2891.5   318.3     67.69      8.70
4.061996
   31.08  2891.5   324.9     70.93    101.13
4.1250415
   32.41  2891.5   330.3     79.74    103.29
4.100129
   31.38  2891.5   306.3     45.80    133.24
4.1757836
   33.10  2891.5   313.4     50.61    126.62
4.280114
   36.43  2891.5   338.6      8.38    -91.49
4.239589
   35.13  2891.5   333.0      7.19    -90.89
3.8519585
   27.57  2891.5   315.4     70.71   -105.27
4.131186
   32.62  2891.5   335.2     19.78     46.77
4.048568
   30.89  2891.5   328.1     24.54     30.27
3.90676
   28.39  2891.5   318.2     21.32     19.33
4.037743
   30.68  2891.5   327.3     23.00     16.86
3.9905214
   29.81  2891.5   323.8     23.26     21.61
3.9985945
   29.96  2891.5   324.4     22.91     19.21
4.0617537
   31.15  2891.5   329.2     23.20     15.98
4.0897875
   31.73  2891.5   331.5     23.87     16.14
3.9127395
   28.48  2891.5   318.5     21.29     18.86
3.9274132
   28.72  2891.5   319.5     21.96     20.63
3.9035916
   28.34  2891.5   318.0     21.57     20.65
4.1101108
   32.16  2891.5   333.3     24.04     15.29
3.9941742
   29.88  2891.5   324.1     22.67     18.58
3.9583745
   29.25  2891.5   321.6     22.27     19.55
3.8995082
   28.28  2891.5   317.7     21.62     21.20
4.2893753
   34.93  2891.5   282.5    -52.95   -178.46
4.2974257
   35.22  2891.5   283.8      3.36    153.14
4.1989183
   33.81  2891.5   320.6      6.55    -85.56
4.2977195
   36.84  2891.5   333.5      6.41    -91.10
4.1515875
   32.51  2891.5   310.9      7.23    -77.86
4.232757
   34.62  2891.5   319.7      4.57    -87.55
4.1115437
   32.17  2891.5   332.1     45.56    132.13
4.151254
   32.50  2891.5   310.5     42.23   -104.58
4.1607385
   33.22  2891.5   333.1     56.55    100.22
4.020007
   30.26  2891.5   320.9     51.88   -152.70
3.987278
   29.68  2891.5   318.6     74.90   -157.57
4.2724757
   35.21  2891.5   301.6     11.21    165.59
4.248451
   34.44  2891.5   298.4      8.51    162.60
4.2492733
   34.47  2891.5   298.5    -54.24   -177.44
4.1258736
   32.09  2891.5   315.3     53.05    150.14
3.9056358
   28.10  2891.5   304.0     16.42    -95.01
4.149134
   31.95  2891.5   292.0     63.94    141.38
4.3134694
   37.65  2891.5   344.8      0.19    -89.36
3.9029257
   28.05  2891.5   303.6     59.06    149.68
4.1703887
   31.50  2891.5   267.5     44.14    163.90
4.2285495
   34.30  2891.5   311.5     57.59     60.37
4.0648723
   29.23  2891.5   258.4      9.31    -87.93
4.046462
   28.89  2891.5   257.0     10.52    -85.71
3.9214976
   26.73  2891.5   248.4     11.64    -78.81
4.171701
   31.55  2891.5   267.9      7.77    -45.86
4.167331
   31.44  2891.5   267.5     10.22    -90.30
4.158617
   31.23  2891.5   266.6      9.74    -90.52
4.193094
   32.07  2891.5   270.1     11.13    -90.21
4.1906357
   32.01  2891.5   269.9     10.76    -90.55
4.181942
   31.80  2891.5   269.0     10.51    -90.51
4.2168875
   32.71  2891.5   272.8     11.41    -90.89
4.1965714
   32.16  2891.5   270.5     10.58    -90.98
4.142061
   32.88  2891.5   336.8      2.83    122.20
4.219028
   33.02  2891.5   279.3      9.41    162.36
4.0831113
   31.02  2891.5   304.7      8.94    155.19
4.004743
   30.06  2891.5   324.3     14.36   -112.21
3.866122
   27.77  2891.5   315.3     16.91   -126.52
3.9748409
   29.53  2891.5   322.2    -15.57    -98.90
3.9635856
   29.34  2891.5   321.4     18.48   -126.45
3.9640706
   29.35  2891.5   321.5     18.49   -126.49
3.9568415
   29.22  2891.5   321.0     18.27   -125.51
3.965765
   29.38  2891.5   321.6     18.48   -126.03
3.963766
   29.34  2891.5   321.4     18.48   -126.41
3.9664512
   29.39  2891.5   321.6     18.49   -125.99
3.9661894
   29.38  2891.5   321.6     18.48   -125.95
4.1002855
   31.39  2891.5   306.8     38.77     99.34
3.9369206
   28.74  2891.5   312.5     43.76   -112.17
4.0271454
   28.66  2891.5   258.9    -29.07    152.71
3.983281
   27.82  2891.5   254.1    -30.78    152.29
3.9871292
   29.18  2891.5   296.3     65.24     63.78
3.9901567
   29.74  2891.5   319.3     60.26     88.97
4.299174
   37.05  2891.5   340.2     51.06     61.15
3.970782
   29.18  2891.5   307.5      2.66    115.03
3.998564
   29.93  2891.5   322.6     21.37     23.67
4.0891376
   31.69  2891.5   329.7     18.73     49.78
4.180965
   33.79  2891.5   338.3     24.99     41.27
3.9606984
   29.27  2891.5   319.9     21.26     26.15
4.1923776
   34.07  2891.5   339.5     23.75     45.66
3.9867175
   29.72  2891.5   321.7     20.77     22.38
4.011187
   30.15  2891.5   323.4     21.89     24.84
4.0274982
   30.46  2891.5   324.7     22.14     24.52
3.9781206
   29.57  2891.5   321.1     21.01     23.72
4.0953293
   31.82  2891.5   330.2     23.31     23.60
4.0727825
   31.34  2891.5   328.2     23.80     33.51
3.9477787
   29.04  2891.5   319.0     19.36     20.50
3.9722052
   29.47  2891.5   320.7     21.05     24.27
4.3801513
   39.09  2891.5   303.1      3.44    -89.21
4.2525764
   33.90  2891.5   280.7      4.97    -76.05
4.249172
   33.79  2891.5   280.2      6.98    -66.97
4.1308146
   30.74  2891.5   267.4    -57.36    -63.36
4.2804394
   34.78  2891.5   284.5    -37.21    -23.99
4.3180013
   36.12  2891.5   290.2      2.29    -85.79
4.099333
   31.94  2891.5   333.3     76.86   -167.97
4.1566267
   33.22  2891.5   338.5     66.84   -170.31
4.095291
   31.85  2891.5   332.9     69.84   -171.93
4.061128
   31.14  2891.5   330.0     73.05   -172.50
4.077267
   31.47  2891.5   331.4     68.50   -173.88
3.996436
   29.93  2891.5   325.1     65.99     55.44
3.868887
   27.83  2891.5   316.9     66.09     60.66
3.8896747
   28.14  2891.5   318.1     66.94     59.56
3.8465073
   27.49  2891.5   315.6     64.88     61.94
4.012269
   30.21  2891.5   326.2     66.25     54.59
3.966254
   29.40  2891.5   323.0     65.18     57.19
3.9321644
   28.81  2891.5   320.7     65.84     58.31
3.9313617
   28.80  2891.5   320.6     65.79     58.37
3.929286
   28.76  2891.5   320.5     65.85     58.42
3.932571
   28.82  2891.5   320.7     65.74     58.34
3.9340696
   28.84  2891.5   320.8     65.61     58.34
3.9447336
   29.02  2891.5   321.5     65.47     57.96
3.9463542
   29.05  2891.5   321.7     65.41     57.92
3.9426367
   28.99  2891.5   321.4     65.51     58.03
3.85355
   27.60  2891.5   316.0     67.69     60.76
3.967057
   29.41  2891.5   323.1     67.62     55.96
3.8451872
   27.47  2891.5   315.5     64.37     62.20
3.904334
   28.36  2891.5   318.9     66.14     59.30
4.098567
   31.92  2891.5   333.2     65.68     50.60
3.9765246
   29.58  2891.5   323.8     65.96     56.33
3.9519906
   29.15  2891.5   322.0     66.75     57.03
4.2267585
   32.77  2891.5   269.1     23.85     96.00
3.997257
   27.81  2891.5   248.7     21.90    107.85
4.226961
   32.80  2891.5   269.7     23.87     96.04
3.9893243
   29.16  2891.5   294.1     65.18     63.60
3.952097
   28.51  2891.5   291.5     44.55     34.75
3.9979649
   29.91  2891.5   321.6     65.68    126.42
3.9806907
   27.53  2891.5   247.5    -30.57    152.18
4.24826
   33.41  2891.5   271.8    -54.27   -179.12
4.124111
   32.31  2891.5   326.8     34.46    -88.32
4.123643
   32.30  2891.5   326.7     34.43    -88.37
4.125935
   32.35  2891.5   327.0     34.50    -88.33
4.2905974
   35.93  2891.5   308.9      3.23    125.98
4.013951
   29.49  2891.5   292.1     37.03    113.58
4.2182136
   34.03  2891.5   310.8     46.63    114.06
4.080666
   30.79  2891.5   297.3     42.91    115.90
3.9378748
   28.18  2891.5   286.8     40.45    117.88
4.146972
   32.98  2891.5   336.8     58.64   -122.24
3.87241
   27.66  2891.5   305.1     16.28    -96.08
3.8893032
   27.85  2891.5   302.6     42.54     69.01
3.8919165
   27.89  2891.5   302.8     49.67     78.70
3.9729707
   27.67  2891.5   254.0     18.65     94.86
4.1435733
   30.98  2891.5   267.4     17.22     87.38
4.20277
   32.42  2891.5   273.4     24.14     95.01
4.0947385
   29.93  2891.5   263.1     22.49     97.60
4.29997
   35.39  2891.5   286.1     27.62    122.25
4.2451572
   33.61  2891.5   278.5     27.71    115.27
4.3681207
   38.37  2891.5   299.0     -6.59     70.31
4.287541
   34.95  2891.5   284.2     -6.58     73.75
3.975982
   27.72  2891.5   254.2     20.39     98.35
4.320716
   36.17  2891.5   289.4     -7.12     72.53
4.210946
   32.64  2891.5   274.4     24.17     94.54
4.064074
   31.21  2891.5   331.3    -24.55     -4.35
4.1719446
   32.41  2891.5   291.3     23.17    135.76
3.9380026
   28.87  2891.5   318.3     81.26    169.75
3.9094167
   28.41  2891.5   316.5     48.68    150.86
4.161617
   33.31  2891.5   336.8     20.57     75.95
4.2485394
   35.68  2891.5   346.8     19.39     95.25
4.290389
   37.03  2891.5   352.5     13.66    105.53
3.984905
   29.70  2891.5   322.1     17.09     80.33
3.9848113
   29.70  2891.5   322.1      9.88     98.73
4.2658725
   36.02  2891.5   338.9      2.06    -89.45
4.064577
   29.40  2891.5   262.8     -9.74    151.99
3.98675
   29.13  2891.5   294.4     65.24     63.74
3.9251556
   28.41  2891.5   305.2     30.31    -89.51
4.245218
   35.30  2891.5   333.4     36.00    -94.15
4.135889
   30.66  2891.5   263.1     35.55    116.16
4.299273
   35.22  2891.5   282.4     45.14    117.07
4.1920505
   31.99  2891.5   268.7     41.38    118.66
4.0758104
   29.40  2891.5   258.0     38.89    120.47
4.1705637
   31.46  2891.5   266.5     31.05    113.15
4.008121
   28.13  2891.5   252.8     -6.36    132.57
4.1329656
   30.59  2891.5   262.9     45.32    163.73
4.1279206
   30.48  2891.5   262.4     21.42    112.90
4.183542
   31.78  2891.5   267.8     41.10    118.73
4.206435
   32.37  2891.5   270.3     41.56    118.21
4.0742836
   31.40  2891.5   330.1      7.04     86.92
4.2293835
   35.11  2891.5   345.6     17.96     68.05
3.9854617
   29.73  2891.5   323.4     12.09     72.18
4.2281184
   34.82  2891.5   332.8      6.23    -90.44
3.9368796
   28.64  2891.5   307.5      4.30    -81.76
4.1753335
   33.31  2891.5   322.6     52.02   -164.79
4.246917
   35.29  2891.5   330.9     51.60   -161.66
4.24161
   35.12  2891.5   330.2     49.82   -162.45
4.132455
   32.20  2891.5   314.3     64.34   -166.94
3.8711407
   27.50  2891.5   298.3     46.55    112.99
3.9397073
   27.23  2891.5   255.0     19.36    132.07
4.0666246
   29.73  2891.5   270.7     49.47    110.52
3.9545634
   27.72  2891.5   262.6     51.71    160.26
4.22453
   33.40  2891.5   285.9     57.95    114.92
3.9060535
   26.93  2891.5   259.5     35.84    107.92
3.8416502
   27.39  2891.5   312.8    -62.56   -179.09
4.083515
   31.57  2891.5   329.0     71.29    127.99
3.8423789
   27.39  2891.5   312.5     73.33   -137.74
4.014352
   30.21  2891.5   323.5     58.47    131.23
4.2732444
   34.91  2891.5   292.7     59.18    117.71
4.0223117
   29.71  2891.5   295.0     -5.27    130.80
4.245072
   34.50  2891.5   303.2      8.56    162.48
3.9879096
   28.75  2891.5   279.4    -48.46    179.66
4.2446136
   33.68  2891.5   280.4    -54.39   -178.23
3.9818635
   27.90  2891.5   256.6    -48.53    179.15
4.2010508
   32.26  2891.5   270.6     18.51    103.44
4.2622137
   34.04  2891.5   278.1     25.78    132.16
4.2118225
   32.55  2891.5   271.8     22.93    136.02
4.0829105
   29.58  2891.5   259.4     21.57    116.02
3.9652987
   27.44  2891.5   250.8     19.59    116.99
4.2486916
   33.61  2891.5   276.3     26.41    125.25
3.964118
   27.42  2891.5   250.7     19.23    130.90
3.9675684
   27.51  2891.5   251.8     66.06   -159.83
4.022667
   28.46  2891.5   255.6     54.08   -160.19
4.0231338
   28.47  2891.5   255.7     54.12   -160.16
4.022371
   28.45  2891.5   255.6     54.07   -160.21
4.046954
   28.91  2891.5   257.5     54.56   -159.14
4.0413346
   28.81  2891.5   257.0     53.95   -159.64
4.001391
   28.08  2891.5   254.1     55.04   -160.40
4.084998
   29.66  2891.5   260.5     53.52   -158.36
3.9675853
   27.51  2891.5   251.8     69.27   -161.27
4.351472
   37.44  2891.5   293.5     74.83   -129.43
4.1196218
   30.37  2891.5   263.4     66.07   -152.77
3.9267478
   26.83  2891.5   249.2     61.01   -161.05
4.252309
   33.76  2891.5   277.6     56.52   -149.08
4.247659
   33.62  2891.5   277.0     54.09   -150.89
4.182348
   33.47  2891.5   322.5     48.61    -61.58
3.8944583
   27.86  2891.5   299.8     12.37    -32.91
4.243152
   35.15  2891.5   329.6     39.09    -32.12
3.8657873
   27.43  2891.5   298.2     30.35    -36.58
4.177923
   33.36  2891.5   322.1     39.79    -35.73
4.174832
   33.28  2891.5   321.8     38.77    -34.79
4.1880016
   33.61  2891.5   323.1     37.71    -33.28
4.189834
   33.66  2891.5   323.3     37.77    -33.26
4.1865673
   33.58  2891.5   323.0     37.50    -33.15
4.1826186
   33.48  2891.5   322.6     37.84    -33.60
4.188693
   33.63  2891.5   323.2     38.39    -33.86
4.2028856
   34.00  2891.5   324.8     37.85    -32.80
3.904789
   28.01  2891.5   300.4     29.77    -87.46
3.9955833
   29.55  2891.5   306.5     33.58    -87.03
4.219865
   34.47  2891.5   326.8     46.19    -79.36
3.9771092
   29.23  2891.5   305.2     34.50    -85.82
4.1940536
   33.76  2891.5   323.8     47.79    -71.83
3.8625605
   27.38  2891.5   298.0     29.37    -86.87
3.9081385
   28.06  2891.5   300.6    -12.65    -65.44
3.8743238
   27.55  2891.5   298.6     27.77    -87.89
4.208677
   34.16  2891.5   325.4     43.18    -84.30
4.0132227
   29.85  2891.5   307.7     41.40    -77.87
4.1106105
   31.18  2891.5   291.5     64.84    140.82
3.9263005
   27.77  2891.5   277.7     51.78    108.04
4.2374125
   35.07  2891.5   333.5     10.28    -91.74
4.258033
   35.74  2891.5   336.4     10.81    -92.15
3.9416523
   27.00  2891.5   248.2     11.57    -88.75
4.0643044
   30.89  2891.5   314.0     24.97    105.90
4.004487
   29.81  2891.5   312.1      9.95    -79.27
3.9186528
   28.36  2891.5   307.0    -14.32    145.98
3.9722323
   29.50  2891.5   322.7    -22.18      7.08
4.2514
   35.80  2891.5   348.7    -21.35     19.42
3.9663227
   28.46  2891.5   280.9    -60.58    179.93
3.9992666
   29.94  2891.5   322.6    -37.49    -59.20
4.085591
   31.61  2891.5   329.3    -30.33    -48.10
3.849314
   27.50  2891.5   313.0    -84.17      8.08
4.1635857
   33.35  2891.5   336.5    -26.92    -43.28
3.8539827
   27.58  2891.5   313.9    -61.70   -123.05
4.009629
   28.28  2891.5   256.3     18.54     95.96
4.019823
   29.68  2891.5   295.4      3.33    -80.42
4.298559
   36.64  2891.5   324.5      5.60    -89.77
4.1962757
   32.27  2891.5   273.3    -55.77    179.15
4.2677054
   35.94  2891.5   333.1      5.98    -90.97
3.976354
   29.46  2891.5   316.6    -60.40    -71.18
4.064734
   29.19  2891.5   257.5     10.32    -85.37
3.9402645
   27.00  2891.5   248.7     11.44    -78.46
3.9439125
   28.78  2891.5   309.0     38.17    112.49
4.1656313
   33.19  2891.5   326.9     47.77    112.77
3.9179208
   28.35  2891.5   307.3     45.31    164.94
4.314289
   37.70  2891.5   346.1     58.19    119.86
3.8554814
   27.40  2891.5   303.6     25.77    172.13
3.8532033
   27.37  2891.5   303.5     41.61    116.80
4.293638
   36.92  2891.5   342.7     56.47    117.96
4.003543
   29.82  2891.5   313.1     33.61    109.58
4.0848002
   29.41  2891.5   254.5     -8.24    153.35
4.2503767
   33.45  2891.5   271.4    -54.21   -179.08
4.3090606
   35.54  2891.5   283.0      0.69    151.45
3.93419
   26.84  2891.5   246.9    -49.17    176.07
4.2871985
   35.09  2891.5   287.8     59.81    145.54
3.9747233
   27.84  2891.5   257.7      7.40    119.11
4.0315523
   28.83  2891.5   261.7     33.95    110.29
4.1039367
   30.26  2891.5   267.5     -3.31    130.35
3.9525626
   29.14  2891.5   320.0     80.56    -60.29
4.082325
   31.50  2891.5   326.6     42.59   -107.72
3.9572504
   29.17  2891.5   317.3    -13.32    -82.25
3.9885283
   29.71  2891.5   319.4     41.37   -105.78
3.8776512
   27.89  2891.5   312.2     39.33   -105.62
3.984124
   29.07  2891.5   294.0     60.61     95.61
4.305128
   36.91  2891.5   326.6      9.86     41.84
4.1658087
   32.93  2891.5   315.5      6.79    -78.09
4.2922688
   35.25  2891.5   288.5    -52.86   -178.96
4.063755
   29.44  2891.5   264.1    -46.97    178.58
4.064077
   29.44  2891.5   264.2    -46.92    177.68
4.0159974
   28.54  2891.5   260.5    -28.80    152.36
4.2462144
   33.60  2891.5   277.5     24.02     97.72
4.1478043
   31.03  2891.5   266.7     22.30    100.24
4.2920146
   35.05  2891.5   283.7     10.00     81.78
4.006305
   28.19  2891.5   255.2     21.91    109.58
3.9503472
   27.19  2891.5   250.1    -31.33    151.75
4.0855145
   29.64  2891.5   259.9     -9.03    152.93
4.2685633
   35.52  2891.5   315.8      3.90     18.05
4.10922
   29.92  2891.5   256.8     32.48    104.89
3.9598322
   27.15  2891.5   245.6     30.49    107.17
3.92521
   26.58  2891.5   243.3     33.55    132.38
4.005287
   30.02  2891.5   321.2     51.33   -150.15
4.086058
   31.59  2891.5   327.5     21.90    152.04
3.9885924
   29.73  2891.5   320.0     56.65   -147.54
4.1378717
   32.72  2891.5   332.2     73.79   -136.61
3.9652236
   29.32  2891.5   318.4     63.98   -145.88
4.3022604
   36.22  2891.5   306.2     56.19     93.99
4.204849
   33.20  2891.5   293.3     55.85     99.60
4.2730846
   36.22  2891.5   338.4      4.43    -72.54
4.314212
   37.67  2891.5   344.6      0.30    -89.12
3.9357321
   28.78  2891.5   314.9    -61.11    -71.27
4.069641
   29.93  2891.5   275.3     49.57    110.73
3.9452186
   27.70  2891.5   266.4     51.66    160.67
4.2781067
   36.24  2891.5   333.1    -28.41      3.09
4.0663066
   31.20  2891.5   326.8     62.21    130.87
4.051078
   30.90  2891.5   325.6     59.39    132.31
3.8694267
   27.27  2891.5   288.8     47.53    102.35
4.070201
   30.72  2891.5   302.5     53.61    151.96
4.1835093
   33.27  2891.5   313.0     44.63     90.79
3.9295545
   28.46  2891.5   304.4     11.01    -80.22
4.311985
   37.53  2891.5   342.0     19.79    -82.66
4.0060687
   29.76  2891.5   308.7    -66.83    -85.62
4.136756
   30.89  2891.5   268.5     59.30     86.35
4.135923
   30.87  2891.5   268.4     12.78    132.64
4.3430924
   38.70  2891.5   341.9     34.04    -61.86
3.9370837
   28.46  2891.5   299.2     19.57    -97.11
3.9363852
   28.45  2891.5   299.1     19.24    -97.45
3.9237642
   28.24  2891.5   298.3     19.28    -97.09
3.9242043
   28.25  2891.5   298.4     19.28    -97.10
4.1065974
   31.64  2891.5   312.0     24.58    -96.03
3.9288661
   28.71  2891.5   316.8     25.97     17.53
4.1836486
   33.84  2891.5   337.6     48.65     94.38
3.9180734
   28.44  2891.5   311.2     44.62    -84.30
3.8754826
   27.79  2891.5   308.9     43.55   -115.37
4.2481756
   35.16  2891.5   324.0     33.17    -70.15
3.9223654
   28.15  2891.5   295.2     19.46    -96.93
3.921354
   28.14  2891.5   295.2     19.48    -96.89
3.9228098
   28.16  2891.5   295.3     19.46    -96.94
3.9356053
   28.37  2891.5   296.1     19.75    -96.95
3.9216888
   28.14  2891.5   295.2     19.61    -96.75
3.9083362
   27.92  2891.5   294.3     19.30    -96.77
3.9463308
   28.82  2891.5   309.0      4.11    -81.77
4.2766147
   36.36  2891.5   340.2      6.71    -91.87
4.2274656
   34.75  2891.5   330.4     12.73    -93.04
3.8732698
   27.60  2891.5   301.3     12.92    -74.17
3.8835974
   27.75  2891.5   301.9     11.79    -80.18
4.0895815
   31.42  2891.5   316.5      9.83    -91.31
4.220715
   34.56  2891.5   329.6     19.99    -69.64
4.192005
   33.78  2891.5   326.3     12.10    -92.26
3.8820217
   27.80  2891.5   305.0     43.53   -115.14
3.90352
   28.12  2891.5   306.3     46.40    -99.90
3.8797755
   27.76  2891.5   304.9     -5.44    -86.70
3.8715384
   27.37  2891.5   291.9     45.85    100.61
4.234706
   34.72  2891.5   321.8     56.58    147.99
4.1913023
   33.54  2891.5   316.8     49.27     92.99
4.243474
   35.00  2891.5   323.0     31.01     84.84
4.26286
   35.62  2891.5   325.6     52.80     92.76
4.3535624
   39.04  2891.5   338.1      9.65   -151.30
3.925615
   28.41  2891.5   304.6     17.55    -92.35
3.9465196
   28.76  2891.5   306.0    -31.71    -62.26
3.8980281
   27.97  2891.5   302.9     14.65    -95.47
3.9786842
   29.32  2891.5   308.2     16.38    -95.54
3.9767816
   29.28  2891.5   308.1     15.71    -96.28
4.228644
   33.45  2891.5   284.8     24.59    133.01
3.975191
   29.55  2891.5   323.0    -36.81    -58.93
4.0861297
   31.65  2891.5   331.7    -50.88    -81.64
3.902733
   28.10  2891.5   305.8    -83.83     -0.59
3.905674
   28.14  2891.5   305.8    -83.69      0.63
4.09101
   31.75  2891.5   331.6     34.98     36.18
4.1861677
   33.95  2891.5   341.4     -2.78     48.43
4.292054
   37.10  2891.5   353.7    -12.64     16.89
4.1871767
   33.99  2891.5   342.9    -23.15     62.90
4.1880116
   34.01  2891.5   343.0    -25.28     63.40
4.0369377
   30.65  2891.5   325.9      9.96     49.03
4.164227
   33.37  2891.5   337.1     -9.35     54.36
4.2956796
   37.15  2891.5   349.6    -13.97     62.28
3.9383063
   28.90  2891.5   320.3    -23.75     18.46
4.0919704
   31.75  2891.5   330.3     18.68    -11.10
4.1374955
   32.76  2891.5   335.8      1.67     70.83
3.9533048
   29.16  2891.5   321.4    -46.36    -84.15
4.2591805
   36.05  2891.5   349.8    -42.39    -76.28
4.205006
   34.44  2891.5   342.9    -29.67    -96.43
4.196169
   34.00  2891.5   331.7      1.74     23.68
3.8692756
   27.64  2891.5   306.0      8.34     21.79
4.1247573
   32.45  2891.5   333.0      1.74     63.16
3.9065683
   28.36  2891.5   316.6      7.06     67.32
4.2822595
   36.74  2891.5   349.3    -13.03     62.59
3.917568
   28.58  2891.5   320.1      8.40    175.56
3.9426432
   28.93  2891.5   316.9      7.99    177.08
4.1520934
   32.59  2891.5   313.6    -25.35    -13.59
4.1729994
   33.61  2891.5   339.2     -2.22     36.66
4.0968976
   31.82  2891.5   328.4     23.81    163.51
4.259893
   35.75  2891.5   334.4    -27.34      2.20
4.0935216
   31.80  2891.5   331.2     16.23    -12.03
4.293165
   37.15  2891.5   354.4    -29.39      4.18
4.202788
   34.39  2891.5   343.7     17.80    177.28
3.9433885
   29.00  2891.5   321.9     13.60     25.30
3.9493115
   29.11  2891.5   322.9     28.59      0.16
4.2706547
   36.39  2891.5   349.5    -13.14     65.76
4.2996078
   36.75  2891.5   327.5    -10.96     66.40
4.15018
   33.02  2891.5   334.4     19.79    173.01
4.1713157
   33.07  2891.5   316.0     19.21    173.33
4.268053
   35.76  2891.5   325.2     15.52   -176.25
4.304035
   35.29  2891.5   280.7     14.31   -178.03
4.300521
   37.40  2891.5   353.9     15.70   -153.20
4.294361
   37.10  2891.5   349.3     10.71   -146.70
3.8603804
   27.68  2891.5   315.1     32.80    -14.80
4.132447
   32.65  2891.5   335.6    -18.09     16.75
4.2626224
   36.16  2891.5   350.2     16.47    173.91
3.916737
   28.56  2891.5   319.4     11.10     17.08
4.242905
   35.54  2891.5   348.8      2.28     12.44
3.9143445
   28.53  2891.5   320.0     11.05     17.05
4.2826943
   36.81  2891.5   353.9      2.49     31.87
3.9304485
   28.56  2891.5   308.5      6.26     65.14
4.157436
   33.16  2891.5   333.4    -25.83    -12.14
4.1198716
   32.32  2891.5   331.0     -4.06     69.55
4.2713737
   36.39  2891.5   348.1    -13.04     65.77
4.218258
   34.81  2891.5   345.0    -10.17     -7.63
4.032227
   30.57  2891.5   326.2     11.76     25.74
4.128821
   32.56  2891.5   334.8    -14.32     61.92
4.1338477
   32.61  2891.5   331.4     -3.94     69.88
4.281765
   36.71  2891.5   348.6    -12.96     66.11
3.9534128
   29.02  2891.5   313.3    -39.58      9.69
4.061903
   31.17  2891.5   331.1     17.30    -34.89
4.266481
   36.15  2891.5   343.7     -3.40     66.97
3.978184
   29.54  2891.5   318.8    -38.76      7.62
4.134889
   32.64  2891.5   331.4    -24.94    -13.61
3.9096131
   28.44  2891.5   319.0    -38.44      9.40
3.9164658
   28.51  2891.5   316.4      1.64     65.70
4.0916667
   31.73  2891.5   329.3      2.01     62.43
4.214353
   34.69  2891.5   343.0     -1.64     60.57
4.2798553
   36.70  2891.5   351.5     -4.41     30.24
4.1547413
   33.07  2891.5   332.2     19.97     26.50
4.245278
   35.51  2891.5   342.5     -2.78     41.93
4.0244594
   30.43  2891.5   326.9    -28.98     19.15
4.301235
   37.40  2891.5   352.4    -14.14     63.83
4.224622
   34.97  2891.5   344.0     -7.92     63.19
4.2876863
   36.95  2891.5   352.5    -13.95     63.20
4.301061
   37.43  2891.5   354.5    -16.13     63.70
3.934767
   28.86  2891.5   321.3    -45.58     54.26
3.9119706
   28.49  2891.5   319.8    -42.80     56.03
4.0947413
   31.84  2891.5   333.3    -35.19     55.97
4.180897
   33.82  2891.5   340.9      8.73     22.99
4.245099
   35.60  2891.5   348.4      6.93     22.76
4.176766
   33.70  2891.5   339.7     -4.35     60.65
4.266218
   36.27  2891.5   350.5    -10.20     60.55
4.2881484
   36.98  2891.5   353.6    -12.34     60.99
3.9554796
   29.21  2891.5   322.4    -45.54     54.80
4.1087093
   32.14  2891.5   334.2    -35.11     56.46
4.224639
   34.95  2891.5   342.7     -7.98     63.20
4.0261264
   30.39  2891.5   322.0     19.21     23.74
4.0725994
   31.29  2891.5   325.6     -0.90     40.69
3.937228
   28.89  2891.5   320.6    -40.53     12.00
4.0836153
   31.60  2891.5   331.1    -35.87     48.17
3.9095035
   28.44  2891.5   318.8    -17.08     -5.79
4.089167
   31.71  2891.5   331.7    -21.47     10.11
4.2633686
   36.18  2891.5   350.2    -10.77     60.75
3.8929965
   28.09  2891.5   311.9      9.95    -33.18
3.9393535
   28.92  2891.5   320.8     -6.61     -9.23
4.1516533
   33.10  2891.5   337.7     -4.66     -3.73
4.186467
   33.95  2891.5   341.3    -12.23     -6.72
3.910578
   28.45  2891.5   318.9    -42.87     55.96
4.1952853
   34.18  2891.5   342.1    -39.22     49.78
3.875119
   27.38  2891.5   290.4     12.07     22.39
3.9575117
   28.70  2891.5   295.6     10.05     16.56
3.8730388
   27.87  2891.5   315.5    -11.74     41.26
3.9315073
   28.78  2891.5   319.0     18.84     16.10
4.072346
   31.35  2891.5   329.3     10.88     10.67
4.266898
   36.28  2891.5   349.9      3.80      8.21
4.291015
   37.06  2891.5   353.2      1.81      5.58
4.29072
   36.93  2891.5   347.2    -12.32     66.31
4.1859875
   33.93  2891.5   339.8    -21.01     56.87
4.0246553
   30.42  2891.5   325.4    -11.06     56.99
4.0934577
   31.79  2891.5   331.0    -19.54     58.62
4.206951
   34.51  2891.5   344.4      9.70     -1.58
3.9179926
   28.56  2891.5   318.2    -40.35     12.38
4.1874437
   33.56  2891.5   321.3      8.05    -39.13
4.241303
   35.49  2891.5   349.1     -7.14     72.35
4.2533746
   35.88  2891.5   350.7     -0.99     73.31
3.9547005
   29.20  2891.5   322.4    -17.42     -7.04
3.8481483
   27.51  2891.5   315.6     -0.73      9.72
3.9454875
   29.03  2891.5   320.8     -4.81     -3.78
4.1420336
   32.86  2891.5   335.8     -4.92    -12.83
4.1702886
   33.55  2891.5   339.4    -10.20     -6.17
3.9106638
   28.46  2891.5   319.1     -4.27     -3.56
3.9987483
   29.89  2891.5   319.9    -18.75     78.67
4.2275333
   34.99  2891.5   340.9     -5.44     72.15
4.304955
   37.40  2891.5   346.6     17.38    178.20
4.25551
   35.46  2891.5   327.6     20.52    177.14
4.056675
   31.01  2891.5   326.0      2.03    111.45
4.1579757
   33.20  2891.5   335.0     29.22    138.03
3.8776944
   27.92  2891.5   313.9     -9.79    -69.50
4.046941
   30.81  2891.5   324.5    -18.46    117.70
4.0820093
   31.51  2891.5   327.4    -17.48    119.62
4.0549865
   30.72  2891.5   314.1     23.22    103.35
4.1517034
   32.74  2891.5   320.4     23.02    -94.76
3.8949199
   27.99  2891.5   305.8     11.48    -86.19
3.9567437
   29.00  2891.5   309.8     12.44    -86.54
3.9292822
   28.53  2891.5   307.9     14.60    -74.06
3.9861066
   29.51  2891.5   311.8     13.06    -86.40
4.178016
   33.50  2891.5   328.1     17.55    -85.96
4.3067193
   37.42  2891.5   344.7     18.58    -93.14
3.9371204
   27.04  2891.5   251.0     14.68    -86.26
4.0511765
   29.04  2891.5   258.9     18.38    -83.67
4.049885
   30.88  2891.5   325.8     15.50    156.46
3.9568567
   29.18  2891.5   318.4    -13.38    112.07
4.2364416
   35.27  2891.5   343.4     33.40     65.58
3.978007
   29.38  2891.5   311.4     32.41    128.68
4.087491
   31.45  2891.5   319.8     21.27    101.87
4.0958834
   29.81  2891.5   259.7     31.30    141.45
3.9570415
   27.49  2891.5   255.4     25.70    103.21
4.0191903
   28.56  2891.5   259.6     -6.10    149.33
3.8782103
   27.72  2891.5   304.0     54.59   -160.05
3.9379125
   28.65  2891.5   307.6     64.23   -158.07
4.0423503
   30.52  2891.5   315.1     59.82   -153.79
4.094069
   31.57  2891.5   319.3     52.11   -154.37
4.124709
   32.21  2891.5   322.0     61.73   -150.05
4.1160364
   32.03  2891.5   321.2     62.03   -150.41
4.221057
   34.62  2891.5   332.0     57.42   -146.52
4.1550345
   31.00  2891.5   262.8     31.07    143.48
4.036597
   30.59  2891.5   322.9     22.42    138.57
3.9552047
   28.72  2891.5   298.1     11.17    154.28
4.000224
   29.50  2891.5   301.2      5.37    145.32
3.8813484
   27.49  2891.5   291.6      7.59    -51.22
4.0123496
   29.67  2891.5   300.1     22.27    -95.81
4.0672174
   30.71  2891.5   304.4     23.42    -96.08
4.1129622
   31.67  2891.5   308.3     24.88    -95.74
4.279853
   34.58  2891.5   280.1    -11.45    146.42
4.039325
   30.63  2891.5   322.3     53.11   -124.69
4.1781044
   33.65  2891.5   334.7     61.60    122.69
4.2527
   35.75  2891.5   343.5     33.36    141.26
3.8857844
   27.64  2891.5   295.2     10.63    -82.14
3.9476166
   28.62  2891.5   299.1     13.85    -73.83
4.006907
   29.65  2891.5   303.2     11.45    -85.06
4.108582
   31.66  2891.5   311.4     15.17    -81.65
4.1529193
   32.65  2891.5   315.4     11.05    -91.15
4.262257
   35.66  2891.5   328.1     12.84    -93.77
4.2938333
   36.69  2891.5   332.5     15.21    -92.39
4.2279234
   34.47  2891.5   318.4     63.32     35.17
4.185636
   33.88  2891.5   337.4     53.69    102.82
4.2854843
   36.85  2891.5   350.0     52.15     93.54
4.2551007
   35.87  2891.5   345.8     30.02     85.31
4.293035
   37.09  2891.5   351.0     61.09    132.06
3.909174
   28.09  2891.5   301.0     -2.60    100.62
4.0659103
   30.87  2891.5   312.1     24.92    105.90
4.0741267
   31.04  2891.5   312.8     24.73    105.46
4.058207
   30.72  2891.5   311.5     24.89    106.08
4.046653
   30.50  2891.5   310.6     24.55    106.08
4.0778236
   31.12  2891.5   313.1     25.00    105.61
4.065846
   30.87  2891.5   312.1     24.92    105.90
4.124527
   32.10  2891.5   317.1     29.22    147.31
3.954951
   28.83  2891.5   303.2     20.85    120.86
4.214134
   34.30  2891.5   325.6     19.65    107.52
3.9379911
   28.65  2891.5   307.3     21.28    121.24
4.153258
   31.61  2891.5   279.2     -1.56    128.68
3.8794508
   27.64  2891.5   299.3     -1.21    128.47
4.110494
   31.81  2891.5   315.9     22.12    141.64
4.2432165
   35.15  2891.5   329.5     19.53    105.90
4.2409916
   35.08  2891.5   329.2     19.80    106.33
4.239873
   35.04  2891.5   329.1     19.25    105.75
4.236394
   34.93  2891.5   328.6     19.63    106.37
4.290759
   35.19  2891.5   287.8    -13.63    144.49
3.992586
   29.78  2891.5   319.5     21.42     25.89
4.1113434
   32.11  2891.5   329.0     18.77     50.31
4.060464
   31.05  2891.5   324.6     22.55     25.07
4.2070932
   34.24  2891.5   330.5     38.55    116.74
4.0418973
   30.52  2891.5   315.1     25.19     39.91
4.1579766
   32.98  2891.5   325.2     64.57    106.16
4.27474
   36.28  2891.5   339.1     69.36    107.05
4.261055
   35.90  2891.5   339.8     68.89     51.02
4.1656647
   33.25  2891.5   329.3     54.64     64.69
3.8997984
   28.11  2891.5   308.5     52.01     57.01
4.0518756
   30.72  2891.5   316.2     51.41   -152.23
4.0730963
   30.86  2891.5   306.0     53.71   -147.74
4.3089786
   37.42  2891.5   341.6     45.76   -122.28
3.8525476
   27.30  2891.5   300.5     53.54   -156.78
3.9883165
   29.60  2891.5   314.2     41.62   -112.12
3.9379232
   28.66  2891.5   308.0    -29.49    -40.97
3.9379232
   28.66  2891.5   308.0    -29.49    -40.97
4.13029
   32.35  2891.5   322.9    -26.34    -43.68
3.960101
   29.05  2891.5   309.5    -36.73    -59.36
3.9379232
   28.66  2891.5   308.0    -29.49    -40.97
4.2069826
   34.24  2891.5   330.8    -46.48     26.81
3.960101
   29.05  2891.5   309.5    -36.73    -59.36
4.076449
   31.10  2891.5   313.7     49.04   -128.95
4.14352
   32.63  2891.5   322.8    -25.25    -13.21
4.0062222
   29.80  2891.5   310.2    -13.88    136.29
4.1484327
   32.72  2891.5   322.1     18.87    171.77
4.117468
   31.92  2891.5   315.3     51.77   -152.80
4.0480924
   28.64  2891.5   250.4     55.50   -156.98
4.0958934
   29.59  2891.5   254.3     62.90   -151.98
4.082662
   31.48  2891.5   325.3     55.33   -172.29
3.9051197
   28.29  2891.5   313.6     20.13     27.11
3.9705536
   29.40  2891.5   318.0     21.11     26.29
4.1025105
   31.92  2891.5   328.2     18.89     49.80
3.9971547
   29.86  2891.5   319.8     20.63     22.52
4.0607133
   31.06  2891.5   324.7     23.14     28.70
3.9453917
   28.96  2891.5   316.2     16.63     16.18
4.060464
   31.05  2891.5   324.6     22.55     25.07
4.0599246
   31.02  2891.5   323.5    -16.13    154.30
4.28501
   36.78  2891.5   347.6    -12.46   -172.92
3.884254
   27.81  2891.5   304.0     42.62     35.41
4.2111278
   34.34  2891.5   330.6     70.06     63.80
3.903081
   28.10  2891.5   305.4     61.11     98.52
3.9686656
   29.19  2891.5   309.8     27.41     40.13
4.1579766
   32.98  2891.5   325.2     64.57    106.16
3.9133945
   28.31  2891.5   308.6     23.83     56.47
4.13081
   32.41  2891.5   325.1     32.49     65.84
4.143138
   32.70  2891.5   326.3     52.85     66.42
4.1855054
   33.73  2891.5   330.6     47.53     69.55
4.183869
   33.69  2891.5   330.4     40.84     69.45
4.1275816
   32.34  2891.5   324.8     36.65     66.97
4.0232196
   30.21  2891.5   316.2      5.41     26.09
4.0083365
   29.94  2891.5   315.1     62.12     48.93
4.2505264
   35.57  2891.5   338.4     51.98    -18.26
4.261055
   35.90  2891.5   339.8     68.89     51.02
4.261327
   35.91  2891.5   339.8     51.05    -19.05
4.274357
   36.33  2891.5   341.6     52.51    -19.39
4.2879343
   36.77  2891.5   343.5     53.41     73.17
4.2865973
   36.73  2891.5   343.3     34.61     71.93
4.0898247
   31.53  2891.5   321.5     65.21      8.33
4.125015
   32.30  2891.5   325.3     61.74     56.81
3.9390697
   28.75  2891.5   311.0     58.96     -6.43
3.8997984
   28.11  2891.5   308.5     52.01     57.01
4.2530446
   35.66  2891.5   339.5     51.88    -24.03
3.914738
   28.35  2891.5   309.5     50.77    -12.44
4.001556
   29.84  2891.5   315.3     50.96     60.34
4.255946
   35.76  2891.5   339.9     52.16    -24.13
4.275844
   36.40  2891.5   342.6     50.91    -25.32
4.0351715
   30.40  2891.5   314.9     50.98   -153.05
3.8968747
   28.01  2891.5   305.4     56.85   -154.36
4.2182474
   34.56  2891.5   332.1     76.89     91.30
3.8491826
   27.29  2891.5   302.7     64.57   -154.96
4.0518756
   30.72  2891.5   316.2     51.41   -152.23
3.9944274
   29.65  2891.5   311.9     51.23   -154.17
4.180106
   33.54  2891.5   327.8     58.20   -143.19
4.1672263
   33.22  2891.5   326.5     54.54   -145.89
3.8711598
   27.37  2891.5   292.1     57.60    108.82
4.172922
   33.08  2891.5   315.2     59.81   -139.18
4.3089786
   37.42  2891.5   341.6     45.76   -122.28
4.0473533
   30.69  2891.5   318.6     43.22   -111.62
3.9029071
   28.10  2891.5   305.8    -83.83     -0.59
4.1493587
   32.79  2891.5   324.7    -25.45    -12.93
3.9029071
   28.10  2891.5   305.8    -83.83     -0.59
4.2069826
   34.24  2891.5   330.8    -46.48     26.81
3.960101
   29.05  2891.5   309.5    -36.73    -59.36
4.1843495
   33.55  2891.5   323.8     80.76    124.59
3.9504848
   28.83  2891.5   306.4     10.18    150.41
3.9561455
   28.93  2891.5   306.8      5.67    145.17
4.005344
   29.78  2891.5   310.2    -13.86    136.31
4.0547256
   30.72  2891.5   313.9     15.48    156.71
4.1097546
   31.85  2891.5   318.6    -45.36    167.00
4.2192516
   34.53  2891.5   329.7     -6.55    132.60
4.0428605
   30.56  2891.5   316.1     49.88    154.98
3.866417
   27.42  2891.5   297.3     58.26   -158.38
4.1423984
   30.58  2891.5   258.3     62.00   -150.12
4.165297
   31.10  2891.5   260.5     53.83   -153.48
4.2406034
   33.09  2891.5   268.9     61.01   -145.20
4.052328
   28.81  2891.5   252.8     59.29   -154.27
4.1906123
   31.81  2891.5   265.2     55.31   -150.72