386
4.1666937
   33.47  2891.5   340.6     54.97     47.63
  117.99  2891.5   861.9     11.25    -48.93
2.2971282
   12.99  2891.5   270.5     46.55     77.50
  138.48  2891.5   923.6     -5.66    -60.55
4.2124176
   34.62  2891.5   342.1     43.03    -85.62
  118.16  2891.5   859.3     53.18    102.57
2.2113314
   12.40  2891.5   265.9     20.87    -83.62
  140.41  2891.5   924.6     31.02     99.92
4.227756
   35.08  2891.5   346.3    -44.16    126.41
  118.27  2891.5   862.0    -50.16    -78.64
2.1843274
   12.24  2891.5   267.8    -21.98    119.85
  141.12  2891.5   928.5    -28.08    -70.90
4.2456393
   35.32  2891.5   334.0    -29.94    154.24
  118.13  2891.5   848.0    -40.20    -98.46
2.147683
   11.86  2891.5   253.1    -12.93    136.76
  141.76  2891.5   916.0    -24.99    -76.82
4.255043
   35.67  2891.5   337.2     -0.94    -96.12
  118.28  2891.5   850.4     41.40   -175.41
2.125515
   11.74  2891.5   254.7    -16.64    -77.78
  142.35  2891.5   919.1     40.21    152.65
4.189123
   33.87  2891.5   333.2     42.99    -74.43
  117.92  2891.5   852.5     52.43     93.99
2.2575102
   12.64  2891.5   260.5     21.89    -77.18
  139.23  2891.5   916.0     31.28     97.59
4.239709
   35.25  2891.5   338.4     -6.39   -100.94
  118.18  2891.5   853.0     36.75   -177.15
2.1602244
   12.00  2891.5   258.4    -20.23    -81.67
  141.54  2891.5   920.5     38.55    153.31
4.1798453
   33.27  2891.5   316.7     -4.67    155.97
  117.52  2891.5   836.8     42.18     78.08
2.2878578
   12.65  2891.5   245.9    -18.47    171.66
  138.40  2891.5   899.5     42.90     49.63
4.272805
   36.46  2891.5   349.4    -44.22    123.39
  118.70  2891.5   861.1    -51.92    -77.13
2.0799882
   11.55  2891.5   263.5    -19.75    117.78
  143.64  2891.5   931.0    -27.53    -70.21
4.218312
   34.69  2891.5   338.1     -3.48    -98.74
  118.09  2891.5   854.7     39.21   -177.31
2.2037477
   12.30  2891.5   261.2    -17.53    -80.96
  140.56  2891.5   920.4     39.45    153.52
4.275607
   36.45  2891.5   345.4    -44.17    123.49
  118.64  2891.5   856.8    -51.99    -77.26
2.0762026
   11.48  2891.5   259.2    -19.65    117.83
  143.69  2891.5   927.0    -27.50    -70.23
4.124486
   32.37  2891.5   329.4      4.84    165.79
  117.77  2891.5   854.3     50.72     77.15
2.3873565
   13.54  2891.5   265.1     -9.71    177.79
  136.65  2891.5   912.5     46.48     49.14
4.288857
   35.13  2891.5   287.6    -43.76    145.13
  117.04  2891.5   797.9    -22.79     44.12
2.0947862
   10.79  2891.5   202.9    -30.62    171.09
  142.40  2891.5   869.4     -4.27     26.21
4.2341413
   33.76  2891.5   289.8    -14.07    148.21
  116.81  2891.5   804.9     34.30     76.99
2.212302
   11.68  2891.5   213.4    -26.73    167.58
  139.65  2891.5   872.0     39.87     49.09
4.224975
   33.51  2891.5   288.7      0.75    173.40
  116.76  2891.5   804.7     79.03    116.76
2.227363
   11.77  2891.5   213.6    -20.70    177.04
  139.25  2891.5   871.2     71.16     21.90
4.279229
   36.20  2891.5   330.3     -1.14    -95.92
  118.31  2891.5   841.4     41.28   -174.38
2.0781114
   11.32  2891.5   244.3    -17.42    -76.79
  143.47  2891.5   911.9     40.13    152.26
4.2762103
   36.56  2891.5   349.5    -51.47    151.06
  118.73  2891.5   860.9    -26.33     38.88
2.0724857
   11.50  2891.5   263.1    -34.37    176.52
  143.83  2891.5   931.1     -5.31     24.52
4.2667665
   36.20  2891.5   345.6    -13.24   -105.66
  118.57  2891.5   857.8     31.21   -178.08
2.0951169
   11.62  2891.5   260.8    -26.01    -83.28
  143.22  2891.5   927.3     36.60    152.82
4.2829757
   36.28  2891.5   328.9     -0.55    -95.33
  118.31  2891.5   839.7     41.83   -174.11
2.0711045
   11.26  2891.5   242.4    -17.10    -76.27
  143.63  2891.5   910.5     40.31    152.14
4.2481403
   35.69  2891.5   348.4      9.91    -79.57
  118.45  2891.5   862.2     75.70   -179.19
2.1344678
   11.91  2891.5   266.6    -13.15    -73.74
  142.24  2891.5   930.4     60.04    128.54
4.241419
   35.48  2891.5   347.5      4.51    -49.77
  118.37  2891.5   861.9     56.40     34.18
2.1495476
   12.01  2891.5   266.8    -14.96    -62.98
  141.85  2891.5   929.5     50.69     73.11
4.244684
   35.52  2891.5   343.8      4.51    -49.82
  118.34  2891.5   857.9     56.43     33.99
2.1438591
   11.94  2891.5   262.7    -15.07    -63.09
  141.97  2891.5   925.8     50.68     73.17
4.2445364
   35.52  2891.5   344.1      4.38    -49.63
  118.35  2891.5   858.2     56.27     34.01
2.1440203
   11.95  2891.5   263.0    -15.16    -62.95
  141.97  2891.5   926.1     50.64     73.13
4.2555437
   35.89  2891.5   346.7      9.73    -79.92
  118.50  2891.5   859.9     75.50   -178.05
2.1188276
   11.79  2891.5   263.7    -13.61    -73.89
  142.63  2891.5   928.5     59.91    128.59
4.2495527
   35.70  2891.5   345.9      4.30    -49.62
  118.43  2891.5   859.6     56.23     33.72
2.13226
   11.88  2891.5   263.9    -15.43    -63.10
  142.28  2891.5   927.8     50.59     73.22
4.142541
   32.10  2891.5   302.0     11.60    -79.59
  117.12  2891.5   825.3     66.20    176.17
2.374589
   13.07  2891.5   236.7     -5.94    -72.20
  136.51  2891.5   884.9     55.34    142.37
4.078651
   31.49  2891.5   330.9     11.19    -60.54
  117.89  2891.5   859.9     63.67     44.27
2.4731004
   14.19  2891.5   271.9     -4.48    -67.90
  135.21  2891.5   914.2     54.54     73.44
4.1992164
   34.23  2891.5   338.7     -4.47    -91.59
  118.06  2891.5   857.1    -25.92   -176.90
2.2344024
   12.54  2891.5   264.4      4.99    -72.05
  139.79  2891.5   921.4    -23.23    159.36
4.1984253
   34.18  2891.5   337.2     -4.65    -91.51
  118.02  2891.5   855.7    -26.04   -176.93
2.2365391
   12.53  2891.5   263.0      4.83    -72.04
  139.72  2891.5   919.9    -23.28    159.36
4.2557173
   35.87  2891.5   345.3      9.81    -79.61
  118.47  2891.5   858.5     75.71   -178.18
2.1191182
   11.78  2891.5   262.4    -13.55    -73.68
  142.61  2891.5   927.2     59.95    128.46
4.2470036
   35.59  2891.5   344.1      4.24    -49.47
  118.37  2891.5   858.1     56.13     33.88
2.138646
   11.91  2891.5   262.6    -15.35    -62.91
  142.10  2891.5   926.1     50.58     73.13
4.239461
   35.01  2891.5   328.3     19.56    158.17
  117.94  2891.5   842.9     70.49     30.43
2.1691775
   11.94  2891.5   248.8     -2.75    164.17
  141.23  2891.5   910.4     51.13      2.20
4.209655
   34.08  2891.5   321.1     19.81    158.37
  117.68  2891.5   838.5     70.04     28.26
2.2276967
   12.27  2891.5   246.1     -1.30    163.97
  139.74  2891.5   903.6     51.50      2.35
4.1101418
   31.37  2891.5   298.6      2.86    -46.50
  117.08  2891.5   824.8     54.22     40.13
2.4415927
   13.52  2891.5   237.4    -11.59    -57.05
  135.29  2891.5   881.7     50.72     69.69
4.24226
   35.21  2891.5   333.1     11.03    -74.76
  118.08  2891.5   847.5     78.74    175.84
2.1570942
   11.91  2891.5   252.9    -11.86    -70.46
  141.54  2891.5   915.2     60.66    126.56
4.094184
   31.82  2891.5   332.1    -53.60     32.29
  117.88  2891.5   859.7     14.16     94.79
2.4408963
   13.96  2891.5   271.1    -59.13      1.28
  135.75  2891.5   915.4     29.05    105.47
4.251019
   35.74  2891.5   345.7      5.67   -173.66
  118.44  2891.5   859.3     83.66    -98.90
2.1291068
   11.86  2891.5   263.5    -18.07   -176.28
  142.36  2891.5   927.6     66.89     -8.86
4.252954
   35.34  2891.5   325.7     11.34    -72.21
  117.99  2891.5   839.1     80.40    173.96
2.1372132
   11.68  2891.5   244.1    -12.04    -68.59
  141.92  2891.5   907.7     60.74    125.33
4.1615057
   32.83  2891.5   315.1      2.61    -46.30
  117.46  2891.5   836.9     53.99     38.15
2.324018
   12.89  2891.5   246.8    -13.46    -58.19
  137.63  2891.5   898.1     50.33     70.80
4.229759
   33.12  2891.5   275.9     -3.29    -39.43
  116.27  2891.5   791.4     48.02     36.53
2.2327044
   11.55  2891.5   201.1    -19.34    -54.19
  138.86  2891.5   858.3     47.98     70.57
4.2429256
   35.42  2891.5   341.7     17.94   -161.08
  118.28  2891.5   856.0     67.82    -44.46
2.1489055
   11.95  2891.5   260.9     -4.22   -168.89
  141.82  2891.5   923.7     50.47    -11.93
4.1110587
   32.15  2891.5   331.4     16.42    110.46
  117.84  2891.5   857.5     54.67   -143.26
2.4083095
   13.72  2891.5   268.4      0.94    100.32
  136.29  2891.5   914.6     44.72   -118.97
4.0887804
   31.68  2891.5   329.9    -16.22    152.53
  117.86  2891.5   858.0     49.48     89.09
2.4530427
   14.04  2891.5   269.6    -30.19    164.31
  135.53  2891.5   913.2     55.56     61.58
4.084184
   31.29  2891.5   315.2    -13.71    -36.85
  117.56  2891.5   843.8     11.38     46.42
2.4751093
   14.01  2891.5   256.2    -16.84    -54.46
  134.98  2891.5   898.4     15.26     63.88
4.256893
   35.65  2891.5   334.1     19.31    158.04
  118.22  2891.5   847.1     70.77     31.97
2.1234531
   11.69  2891.5   251.4     -3.84    164.32
  142.37  2891.5   916.0     50.85      2.08
4.284347
   36.22  2891.5   325.2     10.67    145.01
  118.22  2891.5   835.8     50.11     54.74
2.070793
   11.21  2891.5   238.6     -8.56    161.08
  143.59  2891.5   906.7     41.25     20.30
4.150055
   32.83  2891.5   325.5    -30.12    -55.19
  117.69  2891.5   848.3     45.30    -98.05
2.3377948
   13.13  2891.5   258.2    -46.73    -41.53
  137.51  2891.5   908.6     59.44   -121.24
4.084875
   31.61  2891.5   329.9    -16.19    152.57
  117.87  2891.5   858.4     49.55     89.01
2.4609392
   14.09  2891.5   270.1    -30.06    164.25
  135.40  2891.5   913.2     55.56     61.69
4.2700515
   34.72  2891.5   290.0     15.54    176.12
  117.02  2891.5   801.9     78.58     43.71
2.1304405
   11.09  2891.5   208.0     -7.85    179.55
  141.55  2891.5   872.0     56.57     10.97
4.2705135
   34.74  2891.5   290.1     15.79    178.12
  117.03  2891.5   801.9     80.49     30.62
2.1294346
   11.09  2891.5   207.9     -7.78   -179.80
  141.58  2891.5   872.1     56.98      7.18
4.2620583
   35.82  2891.5   334.8     19.31    158.28
  118.28  2891.5   847.5     70.99     32.09
2.1118917
   11.61  2891.5   251.3     -4.10    164.54
  142.67  2891.5   916.7     50.80      1.96
4.0859675
   31.36  2891.5   317.1     10.84    150.16
  117.60  2891.5   845.4     56.04     50.68
2.4698868
   14.00  2891.5   257.7     -3.72    159.66
  135.09  2891.5   900.3     48.67     24.46
4.231613
   34.88  2891.5   331.7     11.49    145.07
  117.98  2891.5   847.0     50.24     52.04
2.1859381
   12.10  2891.5   253.3     -6.13    159.58
  140.93  2891.5   913.8     41.75     21.04
4.235924
   35.28  2891.5   345.1      8.24    147.16
  118.29  2891.5   860.0     54.21     57.71
2.16649
   12.11  2891.5   265.4    -10.54    160.80
  141.48  2891.5   927.2     46.71     22.77
4.284683
   35.67  2891.5   305.5     15.68    178.64
  117.66  2891.5   816.1     80.04     38.88
2.0855217
   11.04  2891.5   220.0     -8.79   -178.63
  142.95  2891.5   887.1     56.42      9.87
4.2413673
   35.11  2891.5   330.2      9.40    148.92
  118.00  2891.5   844.6     55.60     57.78
2.1620967
   11.91  2891.5   250.3     -9.75    162.07
  141.40  2891.5   912.3     47.11     22.33
4.202376
   32.30  2891.5   270.8     20.71    -76.85
  116.06  2891.5   788.9     71.87    141.78
2.292626
   11.88  2891.5   200.2      0.65    -72.94
  137.49  2891.5   853.5     52.43    121.17
4.099854
   31.92  2891.5   331.2     11.27     48.30
  117.86  2891.5   858.4     54.32    -50.53
2.4296272
   13.88  2891.5   269.6     -3.57     58.64
  135.93  2891.5   914.6     46.83    -76.66
4.127391
   32.52  2891.5   334.0      4.25    -93.62
  117.85  2891.5   858.6     55.87     -5.67
2.3783007
   13.53  2891.5   269.1    -11.44   -104.38
  136.87  2891.5   917.1     51.30     25.73
4.2304435
   33.49  2891.5   284.7     -4.66    151.98
  116.62  2891.5   800.1     30.63     72.80
2.2228274
   11.66  2891.5   209.1    -15.66    171.18
  139.29  2891.5   867.0     31.69     46.27
4.270929
   34.14  2891.5   275.1     15.66    177.08
  116.42  2891.5   786.9     79.04     41.47
2.1449745
   10.89  2891.5   194.2     -7.38   -179.85
  140.88  2891.5   857.2     56.71     10.62
4.088813
   31.69  2891.5   330.0    -35.37    -57.57
  117.86  2891.5   858.1     40.00   -102.95
2.4529202
   14.04  2891.5   269.7    -49.35    -42.83
  135.53  2891.5   913.3     53.28   -120.13
4.222373
   34.90  2891.5   343.3    -30.89    -56.11
  118.21  2891.5   859.5     43.39    -97.31
2.1944752
   12.29  2891.5   265.6    -49.73    -39.45
  140.85  2891.5   925.6     59.77   -123.10
4.2178745
   34.78  2891.5   342.8    -30.93    -55.88
  118.19  2891.5   859.4     43.51    -97.02
2.2020864
   12.34  2891.5   265.8    -49.65    -39.43
  140.65  2891.5   925.2     59.79   -122.58
4.222373
   34.90  2891.5   343.3    -30.89    -56.11
  118.21  2891.5   859.5     43.39    -97.31
2.1944752
   12.29  2891.5   265.6    -49.73    -39.45
  140.85  2891.5   925.6     59.77   -123.10
4.121144
   32.40  2891.5   335.4     19.38   -100.18
  117.87  2891.5   860.6    -10.72    178.55
2.3895407
   13.62  2891.5   271.2     22.50    -80.33
  136.67  2891.5   918.6    -16.74    160.21
4.1423035
   32.87  2891.5   336.3     35.10    -82.70
  117.90  2891.5   859.7    -14.47     -9.61
2.3458068
   13.31  2891.5   269.4     39.98   -106.68
  137.48  2891.5   919.4    -25.86      7.41
4.2392936
   35.41  2891.5   347.0     15.94   -126.55
  118.34  2891.5   861.6     70.75    117.99
2.155648
   12.05  2891.5   266.7     -6.40   -119.67
  141.72  2891.5   929.1     53.44     82.36
4.256255
   35.94  2891.5   348.3     17.64   -160.71
  118.53  2891.5   861.4     67.78    -45.83
2.116655
   11.79  2891.5   265.1     -5.12   -168.88
  142.70  2891.5   930.1     50.24    -11.90
4.2496195
   33.79  2891.5   280.0     12.67    176.88
  116.51  2891.5   793.7     80.64     52.43
2.191151
   11.32  2891.5   202.0     -9.60    179.88
  139.99  2891.5   862.2     60.13     11.99
4.210381
   34.50  2891.5   338.5     19.58    157.53
  118.08  2891.5   855.9     69.66     29.36
2.2163641
   12.40  2891.5   262.7     -1.74    163.47
  140.24  2891.5   921.0     51.35      2.60
4.114452
   32.24  2891.5   333.1    -32.38    -56.77
  117.86  2891.5   858.9     41.42   -103.92
2.4017737
   13.69  2891.5   269.7    -47.04    -41.85
  136.43  2891.5   916.3     54.52   -123.84
4.0994835
   31.88  2891.5   328.9    -31.16    -53.05
  117.83  2891.5   856.1     44.53    -97.76
2.4320362
   13.87  2891.5   267.4    -46.11    -40.08
  135.87  2891.5   912.3     57.44   -118.09
4.250001
   35.70  2891.5   344.9    -26.77    -52.97
  118.41  2891.5   858.6     47.05    -94.34
2.1317182
   11.87  2891.5   262.9    -47.18    -37.31
  142.29  2891.5   926.8     62.99   -126.36
4.2137966
   34.63  2891.5   340.4    -31.22    -59.21
  118.13  2891.5   857.4     40.30   -105.78
2.2097623
   12.37  2891.5   264.0    -48.47    -40.64
  140.43  2891.5   922.8     55.52   -130.54
4.2130666
   34.61  2891.5   340.3    -30.80    -58.43
  118.13  2891.5   857.4     41.06   -104.51
2.2109962
   12.38  2891.5   264.0    -48.25    -40.34
  140.40  2891.5   922.7     56.25   -129.65
4.087745
   31.34  2891.5   314.5     36.75    -69.85
  117.54  2891.5   842.7     56.32     96.42
2.46879
   13.96  2891.5   255.1     19.50    -72.24
  135.07  2891.5   897.7     39.01    100.66
4.254693
   35.80  2891.5   343.2      6.29    -88.80
  118.41  2891.5   856.5     59.99   -174.91
2.1226187
   11.78  2891.5   260.5    -14.45    -76.59
  142.50  2891.5   925.1     52.31    143.22
4.231272
   35.06  2891.5   340.1      4.30    -49.28
  118.17  2891.5   855.4     56.07     34.76
2.1802533
   12.16  2891.5   261.3    -14.64    -62.28
  141.15  2891.5   922.2     50.68     72.74
4.2417474
   35.07  2891.5   328.1     19.53    158.17
  117.96  2891.5   842.5     70.54     30.61
2.1627307
   11.89  2891.5   248.2     -2.88    164.19
  141.36  2891.5   910.2     51.09      2.17
4.132025
   32.36  2891.5   321.4     11.61    -74.49
  117.60  2891.5   845.7     77.60    162.85
2.378336
   13.38  2891.5   256.5     -7.07    -71.08
  136.71  2891.5   904.5     62.04    127.53
4.1786017
   33.47  2891.5   326.1      2.81    -93.31
  117.74  2891.5   846.3     44.60   -178.03
2.2830641
   12.74  2891.5   255.0    -11.67    -78.38
  138.62  2891.5   908.9     41.58    153.54
4.0832314
   31.31  2891.5   317.1      6.10    -51.29
  117.61  2891.5   845.8     57.64     41.42
2.4752238
   14.04  2891.5   258.1     -8.50    -60.55
  135.00  2891.5   900.4     52.24     70.50
4.1513515
   33.07  2891.5   335.7     35.42    -82.57
  117.91  2891.5   858.3    -14.18     -9.64
2.3271923
   13.17  2891.5   267.7     40.28   -107.10
  137.82  2891.5   918.9    -25.85      7.58
4.2575665
   36.00  2891.5   350.0     17.14   -159.38
  118.56  2891.5   863.0     67.00    -47.05
2.1132228
   11.78  2891.5   266.6     -5.52   -168.02
  142.79  2891.5   931.8     50.06    -12.31
4.256216
   35.95  2891.5   349.4     12.37    114.98
  118.54  2891.5   862.5     52.14   -151.18
2.1163821
   11.80  2891.5   266.2     -6.83    100.24
  142.71  2891.5   931.2     42.37   -118.18
4.2288065
   34.87  2891.5   334.4     30.18    -84.19
  118.04  2891.5   850.0     63.48    126.81
2.1888578
   12.15  2891.5   256.3      7.99    -79.01
  140.89  2891.5   916.6     42.03    113.25
4.1873264
   33.75  2891.5   329.7     26.97    -62.49
  117.83  2891.5   849.2     57.59     63.38
2.2635753
   12.64  2891.5   257.4      7.72    -71.62
  139.06  2891.5   912.5     40.81     83.70
4.1174245
   32.03  2891.5   320.0     37.07    -73.63
  117.58  2891.5   845.6     57.20     99.52
2.4065747
   13.57  2891.5   256.9     18.64    -74.87
  136.18  2891.5   903.2     38.66    101.76
4.174779
   33.40  2891.5   327.0      9.45    -84.02
  117.75  2891.5   847.6     63.46    179.67
2.2897303
   12.80  2891.5   256.4     -9.03    -74.87
  138.49  2891.5   909.9     54.05    143.20
4.1494584
   32.82  2891.5   325.7    -53.06     31.69
  117.70  2891.5   848.5     13.34     93.78
2.33887
   13.14  2891.5   258.4    -58.73     -2.37
  137.49  2891.5   908.8     29.72    105.78
4.1626077
   33.13  2891.5   327.0    -30.27    -55.44
  117.73  2891.5   848.7     44.96    -97.99
2.3131542
   12.97  2891.5   258.0    -47.24    -41.32
  138.01  2891.5   910.0     59.48   -121.58
4.2373476
   34.84  2891.5   323.9     19.66    158.46
  117.82  2891.5   838.7     70.59     29.90
2.1789553
   11.95  2891.5   245.0     -2.50    164.31
  140.98  2891.5   906.0     51.22      2.14
4.2540956
   35.86  2891.5   347.1      5.52   -172.65
  118.49  2891.5   860.4     82.98    -98.27
2.1218288
   11.82  2891.5   264.4    -18.34   -175.57
  142.55  2891.5   929.0     66.78     -9.40
4.240602
   35.45  2891.5   347.8     20.17    159.05
  118.36  2891.5   862.3     70.80     28.10
2.1514523
   12.02  2891.5   267.2     -2.57    164.77
  141.81  2891.5   929.8     50.80      1.38
4.2541056
   35.89  2891.5   350.1    -14.52   -106.74
  118.53  2891.5   863.4     30.32   -178.99
2.1208203
   11.83  2891.5   267.2    -26.72    -84.51
  142.60  2891.5   932.0     36.21    152.98
4.300148
   35.12  2891.5   279.5     20.71    165.63
  116.79  2891.5   788.7     74.96     21.46
2.0774784
   10.50  2891.5   193.6     -3.64    169.30
  142.67  2891.5   861.2     50.77     -0.99
4.2725744
   36.35  2891.5   344.6    -72.33     68.81
  118.60  2891.5   856.3      1.48    127.08
2.083194
   11.52  2891.5   259.0    -68.47    -10.20
  143.51  2891.5   926.3     25.47    134.06
4.1730285
   33.49  2891.5   332.5    -30.53     -0.90
  117.87  2891.5   853.3     47.48     34.90
2.2890632
   12.86  2891.5   261.9    -48.93    -13.19
  138.57  2891.5   915.5     63.57     58.60
4.066165
   31.26  2891.5   332.1    -39.93     -7.13
  117.93  2891.5   862.2     15.64    -78.89
2.4971144
   14.38  2891.5   274.5    -44.71     14.86
  134.81  2891.5   915.4     26.70    -92.61
4.2156553
   34.48  2891.5   331.7      8.92    -62.26
  117.94  2891.5   848.5     79.94     40.74
2.21173
   12.29  2891.5   255.4    -12.95    -66.07
  140.28  2891.5   914.1     63.42     96.12
4.2232985
   34.69  2891.5   332.6      2.70    -46.92
  117.98  2891.5   848.7     54.23     35.34
2.1988578
   12.20  2891.5   255.2    -15.48    -60.30
  140.61  2891.5   914.9     50.12     72.08
4.2583275
   36.01  2891.5   349.2    -72.24     69.24
  118.56  2891.5   862.2      1.93    127.19
2.1117861
   11.76  2891.5   265.7    -68.98     -8.72
  142.83  2891.5   931.0     25.29    134.00
4.252304
   35.85  2891.5   350.6     20.80   -171.29
  118.51  2891.5   864.1     72.58    -32.30
2.1246328
   11.86  2891.5   268.0     -2.75   -175.91
  142.50  2891.5   932.5     50.90     -8.80
4.1787972
   33.45  2891.5   325.0    -52.41     30.87
  117.71  2891.5   845.2     13.01     92.95
2.2834752
   12.73  2891.5   254.0    -58.14     -4.58
  138.59  2891.5   907.9     30.15    105.85
4.1014824
   31.67  2891.5   317.6    -28.48     -5.98
  117.57  2891.5   844.6     50.46     32.32
2.4387288
   13.77  2891.5   256.4    -44.58    -15.81
  135.61  2891.5   900.8     63.95     54.96
4.179932
   33.48  2891.5   325.1    -38.97     16.16
  117.72  2891.5   845.2     29.16     69.35
2.281208
   12.71  2891.5   253.9    -51.65     -7.51
  138.64  2891.5   908.0     44.30     87.54
4.2388716
   35.37  2891.5   345.4    -50.79    -31.49
  118.32  2891.5   860.1     10.96    -95.70
2.1576035
   12.05  2891.5   265.2    -55.62      7.15
  141.66  2891.5   927.5     29.55   -110.84
4.248498
   35.68  2891.5   346.8    -50.30    -31.64
  118.43  2891.5   860.6     11.40    -95.26
2.1342294
   11.90  2891.5   264.9    -55.47      7.40
  142.24  2891.5   928.7     30.26   -110.90
4.2423015
   35.48  2891.5   345.9    -50.70    -31.62
  118.36  2891.5   860.3     11.03    -95.66
2.1481261
   11.99  2891.5   265.1    -55.60      7.26
  141.88  2891.5   927.9     29.75   -110.96
4.240106
   35.41  2891.5   345.6    -50.55    -31.37
  118.33  2891.5   860.2     11.19    -95.38
2.153868
   12.03  2891.5   265.2    -55.53      7.18
  141.74  2891.5   927.7     29.79   -110.66
4.258833
   36.02  2891.5   348.2    -49.95    -31.94
  118.55  2891.5   861.1     11.68    -95.05
2.1110516
   11.75  2891.5   264.6    -55.38      7.65
  142.84  2891.5   930.0     30.87   -111.16
4.2427816
   35.50  2891.5   346.0    -50.31    -31.32
  118.36  2891.5   860.3     11.42    -95.11
2.1470492
   11.98  2891.5   265.1    -55.44      7.25
  141.90  2891.5   928.0     30.07   -110.57
4.253574
   35.85  2891.5   347.4    -50.34    -31.97
  118.49  2891.5   860.8     11.32    -95.47
2.1228456
   11.83  2891.5   264.8    -55.51      7.53
  142.53  2891.5   929.3     30.39   -111.25
4.2042394
   34.40  2891.5   341.3    -53.54    -31.86
  118.12  2891.5   859.2      8.56    -98.91
2.2251177
   12.49  2891.5   266.2    -56.62      6.55
  140.05  2891.5   923.9     26.51   -112.20
4.2043915
   34.40  2891.5   341.3    -52.77    -31.30
  118.12  2891.5   859.3      9.28    -97.81
2.2248604
   12.49  2891.5   266.2    -56.30      6.48
  140.06  2891.5   924.0     27.10   -111.36
4.2110476
   34.59  2891.5   342.1    -52.85    -31.69
  118.15  2891.5   859.4      9.16    -98.06
2.2135975
   12.42  2891.5   266.0    -56.36      6.63
  140.35  2891.5   924.6     27.21   -111.74
4.2058506
   34.44  2891.5   341.5    -52.79    -31.38
  118.13  2891.5   859.3      9.26    -97.86
2.2223918
   12.47  2891.5   266.2    -56.32      6.51
  140.12  2891.5   924.1     27.13   -111.44
4.210136
   34.56  2891.5   342.0    -52.80    -31.60
  118.15  2891.5   859.4      9.22    -97.96
2.2151403
   12.43  2891.5   266.1    -56.33      6.60
  140.31  2891.5   924.5     27.23   -111.64
4.2083125
   34.51  2891.5   341.8    -53.04    -31.70
  118.14  2891.5   859.3      9.00    -98.28
2.2182262
   12.45  2891.5   266.1    -56.43      6.59
  140.23  2891.5   924.3     26.99   -111.83
4.210835
   34.58  2891.5   342.1    -53.35    -32.05
  118.15  2891.5   859.4      8.70    -98.76
2.2139575
   12.42  2891.5   266.0    -56.56      6.67
  140.34  2891.5   924.6     26.83   -112.27
4.205273
   34.43  2891.5   341.4    -52.47    -31.12
  118.12  2891.5   859.3      9.56    -97.40
2.2233691
   12.48  2891.5   266.2    -56.18      6.47
  140.09  2891.5   924.0     27.35   -111.07
4.1993155
   34.26  2891.5   340.7    -52.99    -31.21
  118.09  2891.5   859.1      9.11    -98.03
2.233449
   12.55  2891.5   266.3    -56.38      6.39
  139.83  2891.5   923.5     26.80   -111.38
4.2126284
   34.63  2891.5   342.3    -52.79    -31.72
  118.16  2891.5   859.4      9.22    -97.99
2.2109232
   12.40  2891.5   266.0    -56.34      6.65
  140.42  2891.5   924.8     27.30   -111.73
4.2322326
   35.17  2891.5   344.6    -52.36    -32.38
  118.26  2891.5   859.9      9.48    -97.78
2.175105
   12.16  2891.5   265.5    -56.23      7.05
  141.30  2891.5   926.7     28.14   -112.14
4.2372026
   35.32  2891.5   345.2    -52.25    -32.55
  118.30  2891.5   860.0      9.56    -97.72
2.1626534
   12.08  2891.5   265.3    -56.20      7.19
  141.56  2891.5   927.3     28.38   -112.27
4.224664
   34.96  2891.5   343.7    -52.16    -31.84
  118.22  2891.5   859.7      9.73    -97.33
2.1905575
   12.27  2891.5   265.7    -56.12      6.85
  140.95  2891.5   925.9     28.09   -111.58
4.235363
   35.26  2891.5   345.0    -52.05    -32.30
  118.28  2891.5   859.9      9.75    -97.40
2.16798
   12.12  2891.5   265.4    -56.12      7.11
  141.45  2891.5   927.0     28.46   -111.96
4.2180386
   34.78  2891.5   342.9    -52.60    -31.85
  118.19  2891.5   859.6      9.36    -97.83
2.2017689
   12.34  2891.5   265.9    -56.28      6.75
  140.66  2891.5   925.3     27.59   -111.76
4.2212906
   34.87  2891.5   343.3    -52.50    -31.94
  118.21  2891.5   859.6      9.43    -97.75
2.196266
   12.30  2891.5   265.8    -56.25      6.81
  140.80  2891.5   925.6     27.74   -111.80
4.223023
   34.92  2891.5   343.5    -52.68    -32.16
  118.22  2891.5   859.7      9.25    -98.04
2.1933346
   12.28  2891.5   265.7    -56.33      6.86
  140.88  2891.5   925.8     27.65   -112.07
4.232658
   35.19  2891.5   344.6    -52.64    -32.62
  118.27  2891.5   859.9      9.22    -98.18
2.1741366
   12.16  2891.5   265.5    -56.34      7.09
  141.32  2891.5   926.7     27.94   -112.46
4.2296185
   35.10  2891.5   344.3    -52.54    -32.39
  118.25  2891.5   859.8      9.33    -97.98
2.1810544
   12.20  2891.5   265.6    -56.30      7.00
  141.17  2891.5   926.4     27.93   -112.22
4.174942
   33.64  2891.5   338.1    -51.90    -29.27
  117.99  2891.5   858.7     10.34    -96.01
2.2817767
   12.87  2891.5   267.1    -55.83      5.72
  138.78  2891.5   921.1     27.06   -109.14
4.226093
   35.00  2891.5   343.9    -51.20    -31.16
  118.23  2891.5   859.7     10.65    -95.99
2.1881402
   12.25  2891.5   265.7    -55.74      6.81
  141.01  2891.5   926.1     28.87   -110.61
4.191989
   34.07  2891.5   339.9    -50.93    -29.30
  118.06  2891.5   859.0     11.18    -94.91
2.247467
   12.64  2891.5   266.5    -55.47      6.09
  139.51  2891.5   922.7     28.26   -108.77
4.1993155
   34.26  2891.5   340.7    -51.42    -30.01
  118.09  2891.5   859.1     10.64    -95.75
2.233449
   12.55  2891.5   266.3    -55.71      6.28
  139.83  2891.5   923.5     28.04   -109.64
4.2331443
   35.20  2891.5   344.7    -51.09    -31.43
  118.27  2891.5   859.9     10.70    -95.98
2.17303
   12.15  2891.5   265.5    -55.72      6.99
  141.34  2891.5   926.8     29.13   -110.84
4.2236915
   34.94  2891.5   343.6    -51.25    -31.09
  118.22  2891.5   859.7     10.61    -96.02
2.192203
   12.28  2891.5   265.7    -55.75      6.77
  140.91  2891.5   925.8     28.76   -110.56
4.212142
   34.62  2891.5   342.2    -51.13    -30.42
  118.16  2891.5   859.4     10.83    -95.60
2.211746
   12.40  2891.5   266.0    -55.65      6.53
  140.40  2891.5   924.7     28.59   -109.90
4.181733
   33.81  2891.5   338.9    -50.68    -28.65
  118.02  2891.5   858.8     11.53    -94.34
2.2681081
   12.78  2891.5   266.8    -55.32      5.84
  139.07  2891.5   921.7     28.24   -108.04
4.166436
   33.43  2891.5   337.3    -51.12    -28.31
  117.95  2891.5   858.6     11.19    -94.72
2.298897
   12.98  2891.5   267.3    -55.45      5.48
  138.42  2891.5   920.2     27.50   -107.88
4.2101054
   34.56  2891.5   342.0    -51.74    -30.80
  118.15  2891.5   859.4     10.24    -96.44
2.2151918
   12.43  2891.5   266.1    -55.89      6.52
  140.31  2891.5   924.5     28.05   -110.48
4.2539167
   35.86  2891.5   347.5    -51.60    -33.01
  118.49  2891.5   860.8     10.11    -97.25
2.1220765
   11.82  2891.5   264.7    -56.01      7.62
  142.55  2891.5   929.4     29.45   -112.57
4.2623315
   36.13  2891.5   348.7    -49.91    -32.10
  118.59  2891.5   861.2     11.70    -95.10
2.103206
   11.70  2891.5   264.5    -55.39      7.74
  143.04  2891.5   930.4     31.01   -111.33
4.26304
   36.15  2891.5   348.7    -49.96    -32.19
  118.60  2891.5   861.3     11.65    -95.19
2.1016164
   11.69  2891.5   264.5    -55.41      7.76
  143.08  2891.5   930.5     30.99   -111.43
4.16136
   33.30  2891.5   336.7    -53.70    -29.96
  117.93  2891.5   858.5      8.66    -98.42
2.3091142
   13.05  2891.5   267.5    -56.58      5.52
  138.21  2891.5   919.7     25.26   -110.65
4.1607766
   33.29  2891.5   336.7    -53.40    -29.72
  117.93  2891.5   858.5      8.96    -97.96
2.3102877
   13.06  2891.5   267.5    -56.45      5.47
  138.18  2891.5   919.7     25.48   -110.28
4.174599
   33.63  2891.5   338.1    -53.17    -30.19
  117.99  2891.5   858.7      9.09    -97.87
2.2824671
   12.87  2891.5   267.1    -56.39      5.80
  138.77  2891.5   921.0     26.02   -110.57
4.185266
   33.90  2891.5   339.2    -52.79    -30.40
  118.03  2891.5   858.9      9.40    -97.49
2.2609975
   12.73  2891.5   266.7    -56.25      6.03
  139.22  2891.5   922.1     26.60   -110.57
4.1723695
   33.58  2891.5   337.9    -53.28    -30.17
  117.98  2891.5   858.7      9.00    -97.98
2.2869542
   12.90  2891.5   267.1    -56.43      5.75
  138.67  2891.5   920.8     25.88   -110.61
4.177652
   33.71  2891.5   338.4    -52.75    -30.02
  118.00  2891.5   858.8      9.48    -97.30
2.276323
   12.83  2891.5   267.0    -56.21      5.84
  138.90  2891.5   921.3     26.43   -110.22
4.1836886
   33.86  2891.5   339.1    -53.79    -31.06
  118.02  2891.5   858.9      8.44    -98.92
2.2641733
   12.75  2891.5   266.8    -56.68      6.09
  139.16  2891.5   921.9     25.77   -111.64
4.175731
   33.66  2891.5   338.2    -53.30    -30.33
  117.99  2891.5   858.7      8.96    -98.07
2.280189
   12.86  2891.5   267.0    -56.44      5.84
  138.82  2891.5   921.2     25.95   -110.76
4.162869
   33.34  2891.5   336.9    -53.48    -29.88
  117.94  2891.5   858.5      8.86    -98.13
2.3060765
   13.03  2891.5   267.4    -56.49      5.53
  138.27  2891.5   919.9     25.47   -110.46
4.165373
   33.40  2891.5   337.1    -53.74    -30.17
  117.95  2891.5   858.5      8.60    -98.55
2.301037
   13.00  2891.5   267.3    -56.61      5.62
  138.38  2891.5   920.1     25.33   -110.86
4.168974
   33.49  2891.5   337.5    -53.27    -30.01
  117.96  2891.5   858.6      9.03    -97.91
2.2937887
   12.95  2891.5   267.2    -56.41      5.67
  138.53  2891.5   920.5     25.79   -110.46
4.1658187
   33.41  2891.5   337.2    -53.27    -29.86
  117.95  2891.5   858.6      9.05    -97.86
2.3001397
   12.99  2891.5   267.3    -56.40      5.59
  138.40  2891.5   920.2     25.71   -110.33
4.1799154
   33.77  2891.5   338.7    -53.27    -30.51
  118.01  2891.5   858.8      8.96    -98.10
2.271767
   12.80  2891.5   266.9    -56.44      5.94
  139.00  2891.5   921.6     26.08   -110.90
4.177755
   33.71  2891.5   338.4    -53.25    -30.39
  118.00  2891.5   858.8      8.99    -98.04
2.276116
   12.83  2891.5   267.0    -56.43      5.89
  138.90  2891.5   921.3     26.04   -110.79
4.1679792
   33.47  2891.5   337.4    -53.86    -30.38
  117.96  2891.5   858.6      8.47    -98.77
2.2957907
   12.96  2891.5   267.3    -56.67      5.70
  138.49  2891.5   920.4     25.30   -111.10
4.1780634
   33.72  2891.5   338.5    -53.27    -30.42
  118.00  2891.5   858.8      8.97    -98.07
2.2754946
   12.83  2891.5   267.0    -56.44      5.90
  138.92  2891.5   921.4     26.03   -110.83
4.1445594
   32.91  2891.5   335.1    -54.05    -29.48
  117.89  2891.5   858.3      8.43    -98.69
2.341617
   13.27  2891.5   268.0    -56.70      5.14
  137.55  2891.5   918.2     24.57   -110.45
4.12846
   32.54  2891.5   333.6    -53.62    -28.51
  117.85  2891.5   858.1      8.95    -97.83
2.3762703
   13.51  2891.5   268.5    -56.46      4.66
  136.90  2891.5   916.7     24.51   -109.35
4.120174
   32.35  2891.5   332.8    -53.30    -27.96
  117.84  2891.5   858.1      9.33    -97.24
2.3922966
   13.62  2891.5   268.8    -56.29      4.44
  136.60  2891.5   916.0     24.60   -108.68
4.1606393
   33.28  2891.5   336.6    -54.05    -30.18
  117.93  2891.5   858.5      8.33    -98.93
2.3105638
   13.06  2891.5   267.5    -56.74      5.54
  138.17  2891.5   919.7     24.95   -111.03
4.1573844
   33.21  2891.5   336.3    -53.98    -29.98
  117.92  2891.5   858.4      8.42    -98.77
2.3165007
   13.10  2891.5   267.6    -56.69      5.45
  138.05  2891.5   919.4     24.94   -110.83
4.149744
   33.03  2891.5   335.6    -53.78    -29.52
  117.90  2891.5   858.3      8.66    -98.36
2.3304574
   13.19  2891.5   267.8    -56.59      5.26
  137.76  2891.5   918.7     24.92   -110.32
4.1639323
   33.37  2891.5   337.0    -53.97    -30.27
  117.94  2891.5   858.5      8.39    -98.85
2.3039365
   13.02  2891.5   267.4    -56.71      5.61
  138.32  2891.5   920.0     25.11   -111.06
4.1208563
   32.37  2891.5   332.9    -52.89    -27.71
  117.84  2891.5   858.1      9.74    -96.64
2.3911219
   13.61  2891.5   268.8    -56.10      4.43
  136.62  2891.5   916.0     24.96   -108.20
4.1387124
   32.77  2891.5   334.5    -52.12    -27.89
  117.88  2891.5   858.2     10.39    -95.74
2.354203
   13.36  2891.5   268.2    -55.79      4.85
  137.31  2891.5   917.7     26.03   -107.94
4.1699343
   33.52  2891.5   337.6    -50.91    -28.30
  117.97  2891.5   858.6     11.38    -94.46
2.2918556
   12.94  2891.5   267.2    -55.37      5.56
  138.57  2891.5   920.6     27.77   -107.79
4.180327
   33.78  2891.5   338.7    -50.79    -28.67
  118.01  2891.5   858.8     11.42    -94.49
2.2709384
   12.80  2891.5   266.9    -55.36      5.81
  139.01  2891.5   921.6     28.11   -108.11
4.17971
   33.76  2891.5   338.6    -50.60    -28.50
  118.01  2891.5   858.8     11.62    -94.19
2.272181
   12.80  2891.5   266.9    -55.27      5.79
  138.99  2891.5   921.5     28.26   -107.86
4.1975226
   34.21  2891.5   340.5    -50.74    -29.40
  118.08  2891.5   859.1     11.33    -94.74
2.2364833
   12.57  2891.5   266.4    -55.42      6.22
  139.75  2891.5   923.3     28.55   -108.81
4.2582154
   36.00  2891.5   348.1    -51.61    -33.27
  118.54  2891.5   861.0     10.08    -97.38
2.112436
   11.76  2891.5   264.6    -56.03      7.74
  142.80  2891.5   929.9     29.59   -112.82
4.2624
   36.13  2891.5   348.7    -51.31    -33.27
  118.59  2891.5   861.3     10.35    -97.07
2.1030521
   11.70  2891.5   264.5    -55.93      7.83
  143.04  2891.5   930.4     29.96   -112.75
4.2607994
   36.08  2891.5   348.4    -51.00    -32.92
  118.57  2891.5   861.2     10.65    -96.59
2.1066418
   11.72  2891.5   264.5    -55.80      7.76
  142.95  2891.5   930.2     30.13   -112.35
4.2694883
   36.36  2891.5   349.6    -49.58    -32.23
  118.67  2891.5   861.6     11.98    -94.84
2.0871558
   11.60  2891.5   264.3    -55.29      7.91
  143.46  2891.5   931.3     31.48   -111.43
4.2728724
   36.47  2891.5   350.1    -49.60    -32.44
  118.71  2891.5   861.8     11.94    -94.97
2.0795665
   11.55  2891.5   264.2    -55.32      8.00
  143.65  2891.5   931.7     31.58   -111.66
4.27413
   36.51  2891.5   350.3    -49.18    -32.15
  118.72  2891.5   861.8     12.35    -94.41
2.0767462
   11.53  2891.5   264.1    -55.16      8.01
  143.73  2891.5   931.9     31.94   -111.31
4.2590356
   36.04  2891.5   350.0    -72.76     70.27
  118.57  2891.5   862.9      1.80    127.57
2.109986
   11.76  2891.5   266.4    -69.24     -9.62
  142.88  2891.5   931.8     25.26    134.15
4.1826696
   33.86  2891.5   340.8    -30.82     -0.21
  118.04  2891.5   860.7     47.06     35.25
2.265489
   12.77  2891.5   268.6    -49.61    -12.95
  139.14  2891.5   923.6     63.54     59.12
4.1624026
   33.35  2891.5   338.6    -43.90     23.02
  117.96  2891.5   860.3     26.85     73.73
2.3063033
   13.05  2891.5   269.2    -56.15     -2.58
  138.28  2891.5   921.7     42.86     89.12
4.2662506
   36.03  2891.5   338.7     17.02    -98.49
  118.41  2891.5   850.9     51.29    162.29
2.100521
   11.58  2891.5   254.3     -2.47    -83.53
  143.00  2891.5   920.4     39.06    131.60
4.2747045
   34.56  2891.5   282.8     19.63    -51.08
  116.76  2891.5   794.3     51.95     51.75
2.1286814
   10.94  2891.5   200.6      0.44    -65.15
  141.45  2891.5   864.8     38.24     81.28
4.248805
   33.74  2891.5   279.3     24.87    -66.45
  116.48  2891.5   793.1     70.44     86.25
2.1935678
   11.33  2891.5   201.5      2.70    -69.84
  139.91  2891.5   861.5     48.05    100.70
4.2786317
   36.08  2891.5   325.9      0.44    -94.49
  118.20  2891.5   837.1     42.73   -174.15
2.0824082
   11.30  2891.5   240.2    -16.24    -75.92
  143.31  2891.5   907.6     40.61    152.13
4.280834
   36.15  2891.5   326.2      9.10    -82.85
  118.22  2891.5   837.2     64.42   -173.50
2.077519
   11.27  2891.5   240.2    -13.32    -71.99
  143.44  2891.5   907.8     53.28    141.25
4.161822
   32.75  2891.5   311.9      8.72    -59.83
  117.38  2891.5   833.6     78.09     45.71
2.3259573
   12.86  2891.5   243.7    -10.78    -63.80
  137.55  2891.5   894.9     63.86     94.19
4.1572204
   32.64  2891.5   311.4      2.72    -46.44
  117.36  2891.5   833.5     54.11     38.31
2.3357995
   12.93  2891.5   243.8    -13.20    -58.16
  137.36  2891.5   894.4     50.41     70.72
4.0881057
   31.40  2891.5   316.9      1.74    177.79
  117.59  2891.5   845.0     82.98    105.03
2.465856
   13.97  2891.5   257.3    -15.57    179.88
  135.15  2891.5   900.1     73.13     20.84
4.2617593
   35.74  2891.5   332.1     19.74    158.33
  118.22  2891.5   844.7     70.90     30.68
2.1142693
   11.60  2891.5   248.8     -3.64    164.48
  142.58  2891.5   913.9     50.51      1.50
4.200954
   34.06  2891.5   329.4    -10.72    -98.37
  117.86  2891.5   847.7     39.47   -171.00
2.2367945
   12.44  2891.5   255.3    -24.59    -80.90
  139.62  2891.5   912.2     43.27    160.29
4.13876
   32.21  2891.5   309.3     -9.99   -109.94
  117.31  2891.5   833.0    -45.97    156.77
2.3751678
   13.19  2891.5   244.1      3.81    -96.79
  136.61  2891.5   892.3    -39.90    131.62
4.228308
   35.05  2891.5   343.2     -4.29    -99.35
  118.23  2891.5   858.8     38.51   -177.11
2.1845126
   12.22  2891.5   264.7    -18.41    -80.99
  141.09  2891.5   925.3     39.19    153.41
4.2470107
   35.62  2891.5   345.6      3.71    -48.70
  118.40  2891.5   859.5     55.51     33.94
2.137929
   11.92  2891.5   264.0    -15.75    -62.37
  142.13  2891.5   927.6     50.38     72.97
4.2615013
   36.10  2891.5   348.5     42.44    -73.04
  118.58  2891.5   861.2     54.97    112.32
2.105086
   11.71  2891.5   264.5     18.08    -71.70
  142.99  2891.5   930.3     30.60    110.41
4.219948
   34.31  2891.5   319.8     20.21    158.59
  117.67  2891.5   836.3     70.19     27.37
2.211976
   12.14  2891.5   243.5     -1.28    164.15
  140.12  2891.5   902.2     51.12      1.75
4.104413
   31.68  2891.5   315.6    -26.45    179.11
  117.52  2891.5   842.4    -34.80    -76.59
2.4348855
   13.72  2891.5   254.2    -14.90    164.36
  135.65  2891.5   898.8    -24.61    -59.27
4.2233653
   34.91  2891.5   342.5    -41.70    106.81
  118.20  2891.5   858.6    -47.26    -30.38
2.1931422
   12.27  2891.5   264.7    -21.07    117.86
  140.87  2891.5   924.8    -26.92    -43.14
4.2105174
   34.58  2891.5   342.8    -12.55    149.27
  118.16  2891.5   860.1     35.65     76.77
2.2142339
   12.43  2891.5   266.8    -25.58    168.30
  140.34  2891.5   925.3     40.32     49.14
4.233651
   35.22  2891.5   344.9     -8.39    152.96
  118.27  2891.5   860.1     38.86     78.96
2.1717958
   12.14  2891.5   265.6    -22.88    171.67
  141.37  2891.5   927.0     41.66     48.76
4.126206
   32.50  2891.5   334.2    -22.64     12.58
  117.86  2891.5   859.0     38.34     76.38
2.3806915
   13.54  2891.5   269.5    -35.19     -3.71
  136.82  2891.5   917.3     46.76     99.60
4.243973
   34.00  2891.5   289.2     38.93    178.21
  116.84  2891.5   803.5      5.70    -96.40
2.193364
   11.53  2891.5   211.4     34.93    150.43
  140.12  2891.5   871.4     -8.87    -78.19
4.2084084
   33.43  2891.5   298.2     41.24    178.42
  117.06  2891.5   815.8      6.19    -94.64
2.2474098
   12.09  2891.5   224.7     36.96    151.35
  138.96  2891.5   880.9     -8.21    -78.10
4.2339063
   34.47  2891.5   313.0     11.79    -70.57
  117.52  2891.5   828.1     81.06    167.32
2.194251
   11.92  2891.5   235.2    -10.57    -67.60
  140.48  2891.5   895.2     61.20    124.77
4.1261973
   31.76  2891.5   301.6      8.67    -59.12
  117.12  2891.5   826.4     77.43     48.82
2.4077635
   13.31  2891.5   238.4     -9.37    -62.94
  135.90  2891.5   884.6     64.27     93.23
4.117555
   31.57  2891.5   300.9      2.93    -46.59
  117.12  2891.5   826.4     54.29     39.86
2.4242136
   13.42  2891.5   238.7    -11.76    -57.31
  135.60  2891.5   883.9     50.70     69.89
4.120854
   32.09  2891.5   319.8     28.06   -153.11
  117.57  2891.5   845.1    -57.42   -153.12
2.401127
   13.52  2891.5   256.3     46.63   -153.11
  136.28  2891.5   903.0    -76.13   -153.14
4.259143
   36.03  2891.5   348.7    -15.50    158.67
  118.56  2891.5   861.6    -24.43   -112.61
2.1101594
   11.75  2891.5   265.1     -4.96    136.40
  142.86  2891.5   930.5    -16.75    -87.92
4.2596893
   36.06  2891.5   349.5    -15.61    158.61
  118.57  2891.5   862.4    -24.51   -112.60
2.1086936
   11.75  2891.5   265.8     -5.02    136.33
  142.91  2891.5   931.3    -16.78    -87.90
4.2594075
   35.99  2891.5   345.7    -15.87    158.50
  118.51  2891.5   858.6    -24.69   -112.54
2.1109111
   11.73  2891.5   262.2     -5.22    136.29
  142.82  2891.5   927.5    -16.84    -87.89
4.261309
   36.10  2891.5   348.6      9.10    -66.28
  118.58  2891.5   861.2     82.80     35.91
2.1054795
   11.72  2891.5   264.6    -15.09    -69.30
  142.98  2891.5   930.3     63.08     98.58
4.073178
   31.39  2891.5   331.7    -24.47    160.00
  117.91  2891.5   861.2    -34.06    -96.88
2.483895
   14.28  2891.5   273.3    -13.77    145.82
  135.03  2891.5   915.0    -25.03    -80.11
4.264955
   35.43  2891.5   316.3     71.36     44.37
  117.84  2891.5   828.7     21.44   -179.60
2.118227
   11.43  2891.5   233.3     50.08     19.96
  142.28  2891.5   898.2     -2.44   -174.28
4.269729
   34.30  2891.5   279.6     20.44    -75.04
  116.60  2891.5   791.5     74.13    142.90
2.1422682
   10.97  2891.5   198.4     -2.58    -71.18
  141.04  2891.5   861.7     51.60    120.12
4.269729
   34.30  2891.5   279.6     20.44    -75.04
  116.60  2891.5   791.5     74.13    142.90
2.1422682
   10.97  2891.5   198.4     -2.58    -71.18
  141.04  2891.5   861.7     51.60    120.12
4.072826
   31.35  2891.5   328.9    -22.44    161.54
  117.88  2891.5   858.4    -32.75    -97.64
2.4859514
   14.27  2891.5   270.6    -12.26    147.14
  134.98  2891.5   912.2    -24.48    -80.55
4.2386303
   35.37  2891.5   345.6     17.14    165.30
  118.32  2891.5   860.3     32.97   -102.00
2.1582446
   12.06  2891.5   265.4      3.90    145.74
  141.65  2891.5   927.6     24.13    -77.33
4.2744317
   36.57  2891.5   354.3    -47.06    150.15
  118.78  2891.5   865.9      6.10   -138.20
2.0747566
   11.54  2891.5   268.0    -48.68    112.54
  143.80  2891.5   935.9     24.51   -120.54
4.1695895
   33.51  2891.5   338.1      7.00   -131.66
  117.97  2891.5   859.1     58.95    137.46
2.2923248
   12.94  2891.5   267.7    -10.61   -120.99
  138.56  2891.5   921.0     52.01    102.73
4.258055
   34.07  2891.5   281.4     16.01    179.05
  116.62  2891.5   794.3     80.43     26.22
2.1682725
   11.19  2891.5   201.9     -6.81   -179.23
  140.51  2891.5   863.5     57.26      6.86
4.244282
   33.61  2891.5   279.0     -4.12    -38.68
  116.44  2891.5   793.2     47.21     36.14
2.2030153
   11.39  2891.5   201.9    -20.46    -54.15
  139.67  2891.5   861.2     47.67     70.76
4.253956
   33.92  2891.5   280.3     -1.09    -84.40
  116.55  2891.5   793.7     54.33   -160.13
2.1808593
   11.26  2891.5   201.6    -19.52    -70.93
  140.23  2891.5   862.5     52.55    159.67
4.2787833
   36.36  2891.5   337.2     14.24     58.14
  118.48  2891.5   848.4    -19.49    -17.98
2.074533
   11.38  2891.5   250.9     22.31     83.08
  143.64  2891.5   918.8    -25.29    -44.52
4.1619983
   32.97  2891.5   320.8     20.39    158.19
  117.59  2891.5   842.5     68.96     24.74
2.318832
   12.93  2891.5   252.1      0.99    163.33
  137.81  2891.5   903.8     51.74      2.31
4.2810717
   36.44  2891.5   338.0     14.69     57.98
  118.51  2891.5   848.9    -19.16    -18.02
2.0691519
   11.35  2891.5   251.3     22.66     83.14
  143.79  2891.5   919.5    -25.19    -44.57
4.24183
   35.50  2891.5   348.3    -33.29    -60.91
  118.38  2891.5   862.7     41.20   -100.40
2.1483924
   12.01  2891.5   267.5    -52.69    -42.42
  141.88  2891.5   930.4     59.03   -124.92
4.199775
   34.27  2891.5   340.3    -30.72    -56.07
  118.09  2891.5   858.7     43.94    -97.78
2.2328472
   12.54  2891.5   265.8    -48.89    -40.32
  139.84  2891.5   923.0     59.63   -122.73
4.2063713
   34.45  2891.5   341.1    -61.00     45.49
  118.12  2891.5   858.8      7.08    108.53
2.2216883
   12.47  2891.5   265.7    -63.36     -2.50
  140.13  2891.5   923.7     26.70    119.03
4.113446
   32.20  2891.5   331.7    -29.95     -2.06
  117.84  2891.5   857.6     49.03     35.05
2.404128
   13.69  2891.5   268.5    -46.54    -12.61
  136.37  2891.5   915.0     63.30     56.82
4.11949
   32.33  2891.5   332.2    -45.11     23.81
  117.84  2891.5   857.6     23.96     79.22
2.3937252
   13.62  2891.5   268.3    -55.04     -1.18
  136.57  2891.5   915.4     38.54     93.07
4.1693172
   32.75  2891.5   305.2    -58.08     36.82
  117.21  2891.5   826.3     11.11     96.75
2.3171873
   12.70  2891.5   236.4    -63.11     -3.47
  137.63  2891.5   888.2     28.99    107.32
4.2342696
   34.47  2891.5   312.5    -30.16     -2.71
  117.51  2891.5   827.5     46.59     32.40
2.1940536
   11.91  2891.5   234.6    -50.20    -16.51
  140.48  2891.5   894.6     64.28     59.17
4.2335663
   34.45  2891.5   312.4    -43.75     22.15
  117.51  2891.5   827.5     25.49     72.23
2.1952257
   11.91  2891.5   234.6    -56.83     -7.09
  140.45  2891.5   894.5     43.49     89.68
4.213781
   33.90  2891.5   310.1    -47.97     26.84
  117.41  2891.5   827.1     20.80     79.80
2.2281973
   12.13  2891.5   235.1    -58.63     -5.52
  139.58  2891.5   892.6     38.78     94.90
4.296693
   35.21  2891.5   284.0    -32.15    147.25
  116.95  2891.5   793.6    -37.07   -107.53
2.08073
   10.62  2891.5   198.3    -15.22    127.65
  142.68  2891.5   865.8    -20.34    -85.06
4.2744474
   34.55  2891.5   282.7     19.71    -51.18
  116.76  2891.5   794.2     52.02     51.81
2.1292617
   10.94  2891.5   200.6      0.50    -65.21
  141.44  2891.5   864.7     38.26     81.30
4.2479234
   33.71  2891.5   279.1     24.89    -66.56
  116.47  2891.5   793.0     70.44     86.46
2.195506
   11.34  2891.5   201.5      2.76    -69.90
  139.86  2891.5   861.3     48.07    100.73
4.252393
   33.90  2891.5   281.0     -1.09    -84.41
  116.57  2891.5   794.5     54.34   -160.20
2.1841471
   11.29  2891.5   202.5    -19.48    -70.98
  140.18  2891.5   863.2     52.56    159.72
4.2436466
   33.63  2891.5   279.8     -4.09    -38.71
  116.47  2891.5   794.1     47.24     36.16
2.2034757
   11.41  2891.5   202.7    -20.43    -54.16
  139.67  2891.5   862.0     47.68     70.76
4.1745496
   31.78  2891.5   272.3    -26.92     85.45
  116.13  2891.5   792.8    -35.96    -17.97
2.3448424
   12.30  2891.5   205.0    -14.18    101.24
  136.49  2891.5   855.0    -24.36    -37.41
4.285736
   34.77  2891.5   280.9     18.98    -50.45
  116.75  2891.5   791.5     51.52     50.83
2.1085725
   10.75  2891.5   197.3     -0.34    -64.97
  141.92  2891.5   862.8     38.00     81.20
4.260706
   33.88  2891.5   275.1      4.54    164.48
  116.37  2891.5   787.9     67.33     83.10
2.1703331
   11.07  2891.5   195.8    -16.48    173.41
  140.34  2891.5   857.3     59.33     30.76
4.0165844
   29.76  2891.5   301.2     25.82     38.17
  117.46  2891.5   835.5    -24.62    -36.13
2.6429965
   15.09  2891.5   250.8     32.10     53.35
  132.33  2891.5   883.6    -31.25    -51.22
4.2742453
   35.36  2891.5   305.0     36.90   -169.17
  117.58  2891.5   816.5    -19.21   -105.34
2.1076565
   11.19  2891.5   221.2     45.84    160.65
  142.38  2891.5   886.8    -34.88    -83.59
4.245534
   34.45  2891.5   301.1     42.68   -166.57
  117.25  2891.5   815.1    -12.36    -98.67
2.177615
   11.62  2891.5   222.1     47.87    161.60
  140.68  2891.5   883.2    -28.61    -80.56
4.2443457
   34.47  2891.5   303.0     50.54   -171.28
  117.30  2891.5   817.1     -2.05    -95.16
2.1789405
   11.66  2891.5   224.1     49.76    152.79
  140.69  2891.5   885.1    -20.09    -79.93
4.2443457
   34.47  2891.5   303.0     50.54   -171.28
  117.30  2891.5   817.1     -2.05    -95.16
2.1789405
   11.66  2891.5   224.1     49.76    152.79
  140.69  2891.5   885.1    -20.09    -79.93
4.1556
   32.11  2891.5   293.0     76.30    157.61
  116.86  2891.5   815.3     17.27    -51.82
2.3579295
   12.81  2891.5   226.7     57.98    140.53
  136.67  2891.5   875.9     -2.41    -49.55
4.238815
   33.91  2891.5   290.7     15.44    134.82
  116.86  2891.5   805.4    -63.61    102.27
2.2026205
   11.62  2891.5   213.5     36.95    141.38
  139.91  2891.5   872.9    -76.57     40.53
4.258901
   35.83  2891.5   339.1    -35.03    127.68
  118.36  2891.5   852.0    -62.04    -63.17
2.1160293
   11.69  2891.5   255.9    -10.98    125.56
  142.62  2891.5   921.0    -37.95    -58.53
4.0866714
   31.36  2891.5   316.4     54.82   -159.16
  117.58  2891.5   844.7     -0.85    -76.93
2.469081
   13.99  2891.5   257.0     53.19    171.19
  135.10  2891.5   899.6    -15.12    -66.66
4.2150707
   34.41  2891.5   329.1     13.83    141.32
  117.88  2891.5   846.0    -66.38    110.07
2.2141786
   12.27  2891.5   253.0     35.39    146.87
  140.19  2891.5   911.5    -78.17     40.31
4.045512
   28.93  2891.5   258.5     21.70    120.09
  116.03  2891.5   790.4     51.07   -125.95
2.6436117
   14.22  2891.5   207.7      9.48    111.58
  131.46  2891.5   840.4     41.45   -108.39
4.292019
   35.07  2891.5   284.2     31.85    111.21
  116.92  2891.5   794.2     63.51    -98.07
2.0922325
   10.70  2891.5   199.3      7.98    105.94
  142.40  2891.5   866.0     39.33    -84.57
4.2763667
   36.39  2891.5   341.6     21.84     82.82
  118.56  2891.5   853.0      7.95     -1.89
2.0769112
   11.44  2891.5   255.5     17.45    108.93
  143.63  2891.5   923.2     -1.47    -25.18
4.2513146
   35.53  2891.5   335.9     16.49     40.47
  118.22  2891.5   849.5    -38.46    -25.66
2.134297
   11.78  2891.5   254.1     31.80     60.48
  142.12  2891.5   917.9    -45.80    -56.57
4.241629
   35.22  2891.5   334.6     18.21     39.26
  118.11  2891.5   849.0    -35.66    -27.38
2.1577418
   11.93  2891.5   254.4     32.32     59.85
  141.54  2891.5   916.7    -43.56    -56.22
4.256055
   35.68  2891.5   336.6     17.59     39.19
  118.27  2891.5   849.7    -36.29    -27.19
2.1237125
   11.72  2891.5   254.0     32.32     60.16
  142.39  2891.5   918.5    -44.13    -57.28
4.252712
   35.58  2891.5   336.1     18.47     38.53
  118.24  2891.5   849.6    -34.85    -28.10
2.1311777
   11.76  2891.5   254.1     32.61     59.88
  142.20  2891.5   918.1    -42.99    -57.27
4.232537
   34.94  2891.5   333.4     16.30     41.52
  118.03  2891.5   848.7    -39.50    -24.67
2.182756
   12.10  2891.5   254.8     31.38     60.39
  141.02  2891.5   915.5    -46.56    -54.84
4.2351255
   35.01  2891.5   333.7     16.17     41.55
  118.04  2891.5   848.7    -39.67    -24.58
2.1768987
   12.06  2891.5   254.7     31.37     60.45
  141.14  2891.5   915.8    -46.71    -54.99
4.260222
   35.82  2891.5   337.1     16.01     40.54
  118.32  2891.5   849.9    -39.04    -25.42
2.1144066
   11.66  2891.5   253.8     31.77     60.69
  142.63  2891.5   919.0    -46.27    -57.25
4.2305574
   34.89  2891.5   333.2     16.54     41.36
  118.01  2891.5   848.6    -39.12    -24.92
2.186771
   12.12  2891.5   254.8     31.44     60.29
  140.93  2891.5   915.3    -46.25    -54.76
4.2541313
   35.62  2891.5   336.3     16.77     40.06
  118.25  2891.5   849.6    -37.84    -26.13
2.1280077
   11.74  2891.5   254.0     31.96     60.40
  142.28  2891.5   918.2    -45.32    -56.89
4.2245283
   34.72  2891.5   332.5     17.15     40.98
  117.98  2891.5   848.5    -38.16    -25.52
2.1969244
   12.19  2891.5   255.0     31.61     60.05
  140.66  2891.5   914.7    -45.45    -54.54
4.224193
   34.71  2891.5   332.4     15.75     42.44
  117.98  2891.5   848.5    -40.88    -23.66
2.1974885
   12.19  2891.5   255.0     31.02     60.57
  140.65  2891.5   914.7    -47.64    -54.11
4.165314
   32.85  2891.5   312.5     13.13     38.61
  117.40  2891.5   833.9    -50.93    102.38
2.318847
   12.82  2891.5   243.8     29.20     25.73
  137.70  2891.5   895.4    -56.41    135.77
4.2690673
   35.78  2891.5   324.8     71.00     45.39
  118.10  2891.5   836.8     21.49   -179.97
2.103482
   11.43  2891.5   240.7     49.61     20.24
  142.76  2891.5   906.6     -2.56   -174.37
4.242207
   34.94  2891.5   322.2     26.16     71.37
  117.82  2891.5   836.6     35.25    -28.88
2.1665065
   11.84  2891.5   242.5     11.47     90.29
  141.21  2891.5   904.3     22.46    -51.36
4.239325
   35.29  2891.5   340.4     30.98   -125.02
  118.22  2891.5   855.0     21.56    140.22
2.1598074
   12.02  2891.5   260.3     20.59   -101.81
  141.57  2891.5   922.4      8.62    120.03
4.2730346
   36.19  2891.5   337.1     39.14   -126.03
  118.43  2891.5   848.7     27.56    130.78
2.0869505
   11.46  2891.5   251.7     24.46   -102.43
  143.33  2891.5   918.7     10.25    111.75
4.2547803
   35.60  2891.5   334.6     43.95   -120.46
  118.22  2891.5   847.8     34.46    123.11
2.1276822
   11.72  2891.5   252.3     26.11   -100.85
  142.27  2891.5   916.5     15.15    107.18
4.2654076
   35.94  2891.5   336.0     43.40   -121.74
  118.34  2891.5   848.3     33.35    124.41
2.103969
   11.57  2891.5   251.9     25.77   -101.06
  142.89  2891.5   917.8     14.04    107.72
4.188082
   33.61  2891.5   323.1     16.85    -96.19
  117.68  2891.5   842.5     -0.02   -179.99
2.2670927
   12.58  2891.5   251.0     16.35    -74.24
  138.91  2891.5   905.9     -6.08    159.63
4.229345
   34.73  2891.5   327.8     38.01    -31.79
  117.89  2891.5   843.4     30.34     74.61
2.191928
   12.09  2891.5   249.9     23.64    -52.30
  140.73  2891.5   910.0     14.38     92.37
4.229345
   34.73  2891.5   327.8     38.01    -31.79
  117.89  2891.5   843.4     30.34     74.61
2.191928
   12.09  2891.5   249.9     23.64    -52.30
  140.73  2891.5   910.0     14.38     92.37
4.0921493
   31.67  2891.5   325.5     38.04   -128.02
  117.77  2891.5   853.3     27.02    124.39
2.4498155
   13.96  2891.5   265.0     27.48   -111.05
  135.53  2891.5   908.8     14.69    110.67
4.0842924
   31.50  2891.5   324.8     34.42   -130.15
  117.78  2891.5   853.4     21.71    129.01
2.4660723
   14.08  2891.5   265.3     26.06   -112.40
  135.26  2891.5   908.1     10.95    114.62
4.074972
   31.30  2891.5   324.0     38.55   -127.05
  117.78  2891.5   853.4     28.06    123.32
2.4853582
   14.21  2891.5   265.7     27.93   -110.97
  134.93  2891.5   907.3     15.90    110.24
4.249157
   34.49  2891.5   299.4     13.05    165.67
  117.23  2891.5   813.2     60.52     67.27
2.169287
   11.54  2891.5   220.0     -7.08    176.79
  140.83  2891.5   881.5     48.68     31.18
4.158196
   32.04  2891.5   289.1     13.79    174.08
  116.74  2891.5   811.1     72.59     56.38
2.3573015
   12.73  2891.5   222.7     -4.85    179.15
  136.61  2891.5   872.0     57.79     22.97
4.220183
   33.64  2891.5   295.8     16.47   -179.11
  117.00  2891.5   812.2     79.77     17.40
2.2286263
   11.91  2891.5   220.8     -5.24   -178.03
  139.35  2891.5   878.3     57.70      6.14
4.222147
   33.69  2891.5   296.0     16.38    179.03
  117.01  2891.5   812.2     78.60     31.45
2.2253819
   11.89  2891.5   220.7     -5.31   -178.69
  139.44  2891.5   878.5     57.32      9.99
4.124868
   32.09  2891.5   316.4     -0.82    162.03
  117.48  2891.5   841.3      9.84   -112.80
2.3971949
   13.45  2891.5   252.6     -3.94    143.63
  136.30  2891.5   899.5      9.84    -93.69
4.187835
   33.60  2891.5   322.7     11.78    158.97
  117.67  2891.5   842.1     30.90   -110.92
2.267875
   12.58  2891.5   250.6      0.75    140.94
  138.89  2891.5   905.5     25.07    -87.77
4.21809
   34.56  2891.5   332.5      7.43    171.20
  117.97  2891.5   849.1     72.16     79.63
2.2073488
   12.26  2891.5   255.8    -13.78    178.12
  140.40  2891.5   914.8     60.71     28.53
4.2495313
   35.51  2891.5   337.1    -12.12    160.20
  118.23  2891.5   850.8    -21.96   -112.84
2.1374376
   11.82  2891.5   255.5     -2.96    138.14
  142.05  2891.5   919.1    -16.01    -88.41
4.246928
   35.38  2891.5   335.0    -35.19    117.79
  118.16  2891.5   848.9    -61.66    -51.78
2.1443138
   11.84  2891.5   253.9    -11.72    119.81
  141.85  2891.5   917.0    -38.13    -56.15
4.176627
   33.08  2891.5   311.7     10.85    168.92
  117.39  2891.5   832.1     61.81     70.63
2.2979813
   12.66  2891.5   241.6     -7.24    178.43
  138.12  2891.5   894.6     52.03     36.44
4.1416955
   32.24  2891.5   308.2     -1.67    156.47
  117.28  2891.5   831.7     32.70     73.46
2.3702552
   13.13  2891.5   242.7    -11.89    172.76
  136.68  2891.5   891.2     32.34     50.41
4.052402
   30.36  2891.5   300.5     11.69   -179.60
  117.32  2891.5   831.8     78.33     43.14
2.5574756
   14.42  2891.5   245.9     -4.10   -177.43
  133.51  2891.5   883.4     63.96     18.15
4.139595
   32.50  2891.5   320.9     20.95    155.49
  117.59  2891.5   844.6     23.49   -110.71
2.363206
   13.26  2891.5   255.1     12.46    137.43
  136.98  2891.5   904.0     15.56    -91.90
4.2441707
   35.24  2891.5   332.4     37.69    142.50
  118.08  2891.5   846.6     49.24    -86.57
2.1521404
   11.87  2891.5   251.9     16.79    130.62
  141.63  2891.5   914.5     29.09    -70.58
4.240162
   35.12  2891.5   331.9     37.01    143.61
  118.03  2891.5   846.4     48.24    -88.61
2.1641884
   11.95  2891.5   252.1     16.69    131.02
  141.38  2891.5   914.0     28.76    -71.91
4.1784906
   33.47  2891.5   326.3      9.27    131.33
  117.74  2891.5   846.6     32.55     42.24
2.2830837
   12.74  2891.5   255.3     -2.01    148.79
  138.62  2891.5   909.2     27.66     18.72
4.2134604
   34.33  2891.5   327.4     22.53    150.07
  117.84  2891.5   844.5     36.82   -110.85
2.2177503
   12.28  2891.5   251.6      8.34    132.50
  140.08  2891.5   909.9     25.76    -88.16
4.256868
   35.39  2891.5   323.5     37.42    142.71
  117.97  2891.5   836.6     49.04    -88.02
2.1303346
   11.61  2891.5   241.4     16.31    130.29
  142.07  2891.5   905.5     28.64    -71.25
4.2546425
   35.32  2891.5   323.2     37.13    143.13
  117.94  2891.5   836.5     48.64    -88.84
2.1352758
   11.64  2891.5   241.5     16.27    130.45
  141.94  2891.5   905.2     28.53    -71.79
4.2569366
   35.40  2891.5   323.5     37.82    141.82
  117.97  2891.5   836.6     49.79    -86.51
2.1301818
   11.61  2891.5   241.4     16.42    130.02
  142.07  2891.5   905.5     29.02    -70.38
4.2531285
   35.27  2891.5   323.0     37.16    142.96
  117.92  2891.5   836.4     48.78    -88.62
2.1386378
   11.66  2891.5   241.5     16.31    130.41
  141.85  2891.5   905.0     28.68    -71.70
4.11753
   31.81  2891.5   310.5     21.03     38.84
  117.36  2891.5   836.1    -31.25    -31.86
2.414387
   13.49  2891.5   247.8     30.87     56.08
  135.91  2891.5   893.6    -38.25    -52.83
4.201623
   33.99  2891.5   325.4    -13.54    162.59
  117.76  2891.5   843.6     -8.35   -111.84
2.2380128
   12.40  2891.5   251.3     -9.98    140.84
  139.54  2891.5   908.1     -3.06    -90.61
4.208948
   34.31  2891.5   331.7     82.95    -34.50
  117.93  2891.5   849.1      2.03     17.09
2.2225914
   12.37  2891.5   256.3     71.58   -145.77
  140.00  2891.5   914.2    -19.94     19.30
4.2033367
   34.20  2891.5   333.0     11.40    179.95
  117.94  2891.5   851.0     80.37     58.38
2.2309105
   12.44  2891.5   258.3    -10.14   -176.96
  139.81  2891.5   915.7     61.79     16.93
4.203276
   34.20  2891.5   333.0     11.40    179.95
  117.94  2891.5   851.0     80.37     58.39
2.2310133
   12.44  2891.5   258.3    -10.14   -176.96
  139.81  2891.5   915.7     61.79     16.93
4.1718807
   33.55  2891.5   336.7     13.45    142.18
  117.96  2891.5   857.6    -67.65    109.84
2.288442
   12.91  2891.5   266.1     33.59    147.15
  138.63  2891.5   919.7    -78.45     42.59
4.2122903
   34.51  2891.5   336.6     -9.00   -147.41
  118.05  2891.5   853.8     37.19    -72.67
2.2143488
   12.36  2891.5   260.6    -22.39   -165.79
  140.27  2891.5   919.1     40.17    -44.33
4.2710114
   36.29  2891.5   344.2      4.19    167.08
  118.57  2891.5   856.0     66.63     86.87
2.0868473
   11.54  2891.5   258.8    -18.50    177.11
  143.41  2891.5   925.8     58.69     33.58
4.170033
   33.49  2891.5   335.9     13.47    142.05
  117.94  2891.5   856.9    -67.65    109.60
2.2924507
   12.93  2891.5   265.5     33.53    147.01
  138.54  2891.5   918.9    -78.42     42.75
4.277458
   36.59  2891.5   349.0     -8.42    161.20
  118.74  2891.5   860.3    -19.54   -114.19
2.0699744
   11.48  2891.5   262.4      0.13    137.50
  143.89  2891.5   930.5    -15.05    -88.25
4.1317935
   32.49  2891.5   327.5     40.08   -126.35
  117.73  2891.5   851.8     28.66    124.00
2.3738294
   13.42  2891.5   262.3     27.96   -108.49
  136.87  2891.5   910.6     14.73    109.80
4.2868233
   36.12  2891.5   318.7      8.54    170.53
  118.07  2891.5   829.1     73.16     80.11
2.070351
   11.12  2891.5   232.1    -15.37    177.89
  143.52  2891.5   900.2     59.09     23.45
4.2419076
   34.68  2891.5   312.6      6.75    169.67
  117.56  2891.5   826.9     71.09     81.94
2.1761997
   11.78  2891.5   233.5    -14.89    177.22
  140.88  2891.5   894.6     60.30     28.90
4.0428343
   28.65  2891.5   252.6      5.87    149.04
  115.81  2891.5   784.7     26.76   -121.19
2.6638591
   14.22  2891.5   202.6     -0.69    136.16
  131.03  2891.5   834.2     24.42   -104.50
4.2092185
   33.82  2891.5   311.0     -9.02    152.23
  117.42  2891.5   828.4     38.46     77.90
2.234843
   12.19  2891.5   236.6    -22.52    169.85
  139.43  2891.5   893.6     41.44     49.33
4.185423
   33.51  2891.5   321.0     57.01     99.21
  117.63  2891.5   840.7     24.49    -20.46
2.2737942
   12.61  2891.5   249.3     41.73    121.55
  138.74  2891.5   903.9      5.65    -30.37
4.2706447
   35.99  2891.5   331.5     57.73    165.56
  118.28  2891.5   843.4     23.29    -80.35
2.095627
   11.46  2891.5   246.8     40.63    137.99
  143.04  2891.5   913.3      1.38    -68.45
4.1409283
   32.65  2891.5   326.4     17.09   -171.48
  117.71  2891.5   850.0     77.77      1.58
2.3558252
   13.27  2891.5   260.2     -2.29   -171.97
  137.19  2891.5   909.5     58.34      5.80
4.249121
   33.48  2891.5   272.9     23.85    153.40
  116.21  2891.5   786.6     26.61   -112.77
2.199916
   11.24  2891.5   195.6     12.88    132.96
  139.61  2891.5   855.1     15.78    -90.46
4.2973456
   35.03  2891.5   279.5    -23.73    141.21
  116.77  2891.5   789.0    -55.79   -107.24
2.0844452
   10.55  2891.5   194.1     -2.53    128.55
  142.50  2891.5   861.3    -38.36    -78.79
4.2645144
   36.17  2891.5   347.2     21.46    160.07
  118.59  2891.5   859.6     72.57     18.91
2.0989892
   11.66  2891.5   262.7     -2.64    164.58
  143.14  2891.5   928.9     50.11     -3.52
4.239032
   35.08  2891.5   331.9     13.75    142.41
  118.03  2891.5   846.5    -66.14    112.40
2.167468
   11.97  2891.5   252.3     36.29    148.11
  141.31  2891.5   913.9    -78.37     38.62
4.1129193
   31.68  2891.5   308.8     21.02     38.86
  117.33  2891.5   834.7    -31.30    -31.95
2.4246361
   13.54  2891.5   246.7     30.77     55.91
  135.71  2891.5   891.9    -38.24    -52.74
4.2239704
   33.59  2891.5   291.7     -1.62    163.36
  116.87  2891.5   807.7     63.40     91.91
2.2262473
   11.82  2891.5   216.4    -21.19    173.15
  139.34  2891.5   874.1     61.34     42.41
4.1098323
   30.38  2891.5   267.8    -10.91    151.01
  116.09  2891.5   794.1     26.39     71.41
2.4838285
   13.23  2891.5   208.7    -18.45    166.94
  133.99  2891.5   850.5     29.44     51.42
4.1025243
   30.58  2891.5   277.0     10.68    175.13
  116.46  2891.5   803.9    -18.83   -103.01
2.483306
   13.44  2891.5   218.0     16.05    158.38
  134.21  2891.5   859.8    -21.78    -84.34
4.174269
   32.20  2891.5   283.7     -4.19    167.06
  116.56  2891.5   804.3    -47.80   -106.72
2.3290184
   12.42  2891.5   215.6     10.41    153.66
  137.02  2891.5   866.6    -43.94    -77.67
4.2034683
   32.94  2891.5   286.8     25.39    179.82
  116.68  2891.5   804.8      5.71    -94.42
2.2701628
   12.05  2891.5   214.7     22.44    157.17
  138.29  2891.5   869.5     -3.57    -74.88
4.21141
   33.71  2891.5   305.3    -40.61     18.05
  117.27  2891.5   822.6     27.64     70.03
2.2352731
   12.11  2891.5   230.9    -53.53     -7.74
  139.33  2891.5   887.9     44.08     88.37
4.24692
   35.60  2891.5   344.7     16.32    166.15
  118.38  2891.5   858.6     21.13   -105.42
2.1384985
   11.91  2891.5   263.2      7.22    143.77
  142.11  2891.5   926.7     13.55    -81.82
4.1363897
   31.97  2891.5   302.0     11.46    178.61
  117.12  2891.5   825.9     78.76     53.36
2.3869154
   13.16  2891.5   237.5     -7.12   -178.41
  136.28  2891.5   885.0     62.67     18.31
4.211151
   33.83  2891.5   309.7      7.74    164.26
  117.39  2891.5   827.0     55.95     74.32
2.2326047
   12.15  2891.5   235.1    -10.21    176.47
  139.47  2891.5   892.3     48.76     39.67
4.2434883
   34.75  2891.5   313.7     13.49    174.75
  117.60  2891.5   827.9     73.96     62.96
2.1706543
   11.76  2891.5   234.3     -8.76   -179.38
  141.01  2891.5   895.7     56.77     21.68
4.216625
   33.98  2891.5   310.4      9.30    166.48
  117.42  2891.5   827.1     60.19     73.45
2.2234828
   12.09  2891.5   235.0     -9.71    177.37
  139.70  2891.5   892.9     51.18     36.58
4.2261357
   34.24  2891.5   311.5     11.06    169.38
  117.47  2891.5   827.3     65.40     71.43
2.2076342
   11.99  2891.5   234.8     -9.24    178.54
  140.12  2891.5   893.8     53.74     31.84
4.2401576
   34.65  2891.5   313.2     14.07    178.04
  117.57  2891.5   827.7     78.33     52.20
2.1805625
   11.82  2891.5   234.4     -8.45   -178.25
  140.80  2891.5   895.3     58.34     15.64
4.260855
   36.06  2891.5   347.2    -18.55    -37.80
  118.55  2891.5   859.9     33.46     29.44
2.1070058
   11.72  2891.5   263.3    -32.43    -60.07
  142.93  2891.5   929.0     41.65     58.59
4.2487583
   35.67  2891.5   345.5    -18.77    -38.14
  118.41  2891.5   859.3     33.43     29.26
2.1341264
   11.89  2891.5   263.7    -32.34    -59.90
  142.23  2891.5   927.5     41.56     57.65
4.27373
   36.48  2891.5   349.0    -18.89    -36.95
  118.70  2891.5   860.6     32.51     30.24
2.0781424
   11.53  2891.5   262.9    -32.75    -60.11
  143.68  2891.5   930.6     41.01     59.75
4.2606263
   36.05  2891.5   347.2    -17.88    -38.39
  118.55  2891.5   859.9     34.61     28.69
2.1075187
   11.72  2891.5   263.3    -32.17    -60.25
  142.92  2891.5   928.9     42.53     58.37
4.260855
   36.06  2891.5   347.2    -18.54    -37.81
  118.55  2891.5   859.9     33.47     29.43
2.1070058
   11.72  2891.5   263.3    -32.43    -60.07
  142.93  2891.5   929.0     41.66     58.58
4.2472715
   35.62  2891.5   345.3    -19.35    -37.71
  118.40  2891.5   859.3     32.48     29.85
2.1374588
   11.91  2891.5   263.7    -32.55    -59.73
  142.14  2891.5   927.3     40.81     57.73
4.1998253
   34.24  2891.5   338.7     29.92     72.67
  118.06  2891.5   857.0     41.81    -37.70
2.2334235
   12.53  2891.5   264.3     13.61     88.19
  139.82  2891.5   921.4     27.39    -57.65
4.268763
   34.33  2891.5   281.0     20.07    -51.59
  116.66  2891.5   793.1     52.27     52.28
2.1425724
   11.00  2891.5   199.9      0.99    -65.33
  141.07  2891.5   863.1     38.41     81.31
4.2766576
   36.56  2891.5   348.9      3.78     55.40
  118.73  2891.5   860.2     -7.53    -26.17
2.0717685
   11.49  2891.5   262.4      6.87     80.40
  143.84  2891.5   930.4     -8.89    -51.51
4.2056065
   34.01  2891.5   322.2     -6.07    157.60
  117.70  2891.5   840.0     53.60     86.90
2.2335393
   12.33  2891.5   247.7    -23.69    170.74
  139.61  2891.5   904.8     55.05     48.94
4.2217402
   34.45  2891.5   324.0      0.79    173.58
  117.78  2891.5   840.3     79.18    116.70
2.2064738
   12.15  2891.5   247.3    -21.21    177.27
  140.32  2891.5   906.4     71.07     21.58
4.221313
   34.44  2891.5   324.0    -15.08    147.31
  117.78  2891.5   840.3     33.63     76.19
2.20719
   12.16  2891.5   247.3    -27.63    167.16
  140.30  2891.5   906.3     39.54     49.00
4.232872
   33.41  2891.5   281.2      8.42    168.14
  116.48  2891.5   796.4     71.50     74.80
2.222514
   11.58  2891.5   205.6    -12.27    175.12
  139.22  2891.5   863.5     59.55     25.44
4.2832785
   34.79  2891.5   283.0      9.23    166.54
  116.82  2891.5   793.7     69.67     74.57
2.1111598
   10.82  2891.5   199.5    -13.24    174.95
  141.90  2891.5   864.9     56.75     24.22
4.261378
   34.10  2891.5   280.0      8.05    165.43
  116.58  2891.5   792.7     67.40     75.66
2.1612098
   11.11  2891.5   200.2    -13.15    174.38
  140.63  2891.5   862.2     56.63     27.93
4.249849
   33.73  2891.5   278.5      3.47    158.08
  116.45  2891.5   792.2     53.56     75.64
2.1922967
   11.30  2891.5   200.6    -14.51    171.62
  139.93  2891.5   860.7     48.98     38.38
4.290293
   35.02  2891.5   283.9     10.79    170.99
  116.90  2891.5   794.1     76.82     70.43
2.0959795
   10.72  2891.5   199.3    -12.88    176.47
  142.30  2891.5   865.7     59.09     15.88
4.269874
   34.37  2891.5   281.2      5.80    160.42
  116.67  2891.5   793.1     58.73     75.69
2.1401675
   10.99  2891.5   199.9    -14.13    172.74
  141.13  2891.5   863.3     51.59     33.92
4.2916307
   35.26  2891.5   289.1     11.35    171.97
  117.11  2891.5   799.1     78.22     67.23
2.0875278
   10.77  2891.5   203.9    -12.67    176.83
  142.61  2891.5   870.8     59.13     13.75
4.115043
   32.06  2891.5   323.3      9.36    -62.79
  117.66  2891.5   849.0     79.38     54.42
2.4078646
   13.62  2891.5   260.3     -8.83    -65.81
  136.20  2891.5   906.5     64.69     95.31
4.228825
   34.84  2891.5   332.9      6.24    163.04
  118.00  2891.5   848.5      4.34   -113.37
2.1897428
   12.14  2891.5   254.8      4.35    140.32
  140.85  2891.5   915.1      1.76    -90.64
4.2922473
   35.21  2891.5   287.3     39.16    137.28
  117.05  2891.5   797.3     52.15    -84.14
2.0882416
   10.74  2891.5   202.1     16.37    127.08
  142.56  2891.5   869.1     29.12    -69.34
4.1725216
   33.02  2891.5   313.0      6.36    177.66
  117.42  2891.5   833.8     20.87    -95.93
2.3047068
   12.72  2891.5   243.4     -0.94    158.69
  138.00  2891.5   895.9     17.86    -74.33
4.0522437
   30.47  2891.5   305.3    -14.63   -105.10
  117.43  2891.5   836.6    -23.47    161.82
2.552007
   14.45  2891.5   250.4     -7.84    -90.30
  133.66  2891.5   888.2    -18.52    145.26
4.215409
   34.17  2891.5   318.7     27.26    -96.85
  117.63  2891.5   835.5     49.61    149.07
2.219962
   12.18  2891.5   243.0      9.05    -83.81
  139.91  2891.5   901.2     34.28    127.06
4.140888
   32.34  2891.5   312.9    -21.96   -102.92
  117.40  2891.5   836.4    -35.40    157.14
2.3675857
   13.18  2891.5   247.3     -9.97    -87.34
  136.80  2891.5   895.9    -26.00    137.34
4.1907763
   31.98  2891.5   269.1     10.43    174.18
  115.99  2891.5   788.2     76.95     65.23
2.3171756
   12.02  2891.5   200.0     -9.07    178.44
  136.95  2891.5   851.8     61.78     20.21
4.1907063
   31.98  2891.5   269.1     10.43    174.18
  115.99  2891.5   788.2     76.95     65.24
2.3173091
   12.02  2891.5   200.0     -9.07    178.44
  136.95  2891.5   851.8     61.78     20.21
4.236412
   33.21  2891.5   274.2     12.31   -176.27
  116.21  2891.5   789.1     83.16    -35.78
2.2240386
   11.45  2891.5   198.7     -9.39   -177.91
  139.04  2891.5   856.6     61.53     -5.13
4.2659492
   34.14  2891.5   278.2     13.33   -179.75
  116.53  2891.5   790.5     84.09     15.14
2.1515903
   11.01  2891.5   197.8     -9.80   -179.14
  140.79  2891.5   860.4     59.99      3.18
4.274567
   34.42  2891.5   279.4     12.71    173.17
  116.62  2891.5   790.9     76.02     63.89
2.1327503
   10.90  2891.5   197.5    -10.20    178.53
  141.28  2891.5   861.4     57.64     17.48
4.293243
   35.01  2891.5   281.9     13.76    175.48
  116.83  2891.5   791.8     79.31     54.97
2.091866
   10.65  2891.5   197.0    -10.29    179.36
  142.36  2891.5   863.7     57.57     12.18
4.186033
   33.92  2891.5   339.0     13.48   -110.26
  118.03  2891.5   858.6    -13.61    169.32
2.2595966
   12.72  2891.5   266.4     18.15    -88.76
  139.25  2891.5   921.9    -18.23    147.77
4.1856213
   33.91  2891.5   339.0     13.50   -110.26
  118.03  2891.5   858.6    -13.58    169.32
2.2604249
   12.72  2891.5   266.4     18.16    -88.76
  139.23  2891.5   921.8    -18.21    147.78
4.185484
   33.90  2891.5   339.0     13.53   -110.26
  118.03  2891.5   858.6    -13.53    169.31
2.260701
   12.73  2891.5   266.4     18.17    -88.77
  139.23  2891.5   921.8    -18.18    147.78
4.1853123
   33.90  2891.5   338.9     13.56   -110.26
  118.03  2891.5   858.6    -13.49    169.30
2.2610462
   12.73  2891.5   266.4     18.18    -88.77
  139.22  2891.5   921.8    -18.14    147.79
4.187233
   33.95  2891.5   339.1     13.36   -110.26
  118.03  2891.5   858.6    -13.80    169.37
2.2571805
   12.70  2891.5   266.4     18.11    -88.73
  139.30  2891.5   922.0    -18.39    147.74
4.202944
   34.36  2891.5   340.9      9.00   -109.18
  118.11  2891.5   858.9    -20.63    171.04
2.2274184
   12.51  2891.5   265.9     16.47    -88.10
  139.99  2891.5   923.5    -23.58    147.61
4.1870275
   33.94  2891.5   339.1     13.36   -110.25
  118.03  2891.5   858.6    -13.79    169.37
2.2575948
   12.71  2891.5   266.4     18.11    -88.73
  139.29  2891.5   921.9    -18.38    147.75
4.187165
   33.94  2891.5   339.1     13.40   -110.27
  118.03  2891.5   858.6    -13.73    169.35
2.2573185
   12.70  2891.5   266.4     18.13    -88.73
  139.30  2891.5   922.0    -18.33    147.74
4.187121
   33.74  2891.5   329.5     43.24    -92.67
  117.83  2891.5   849.0     50.37    111.24
2.264152
   12.64  2891.5   257.2     22.71    -86.85
  139.05  2891.5   912.3     29.84    104.13
4.1610765
   32.93  2891.5   319.8    -11.67    162.99
  117.57  2891.5   841.6     -6.96   -111.08
2.3213112
   12.94  2891.5   251.3     -8.92    142.86
  137.75  2891.5   902.8     -2.73    -91.27
4.2323046
   34.97  2891.5   334.8      8.92   -103.38
  118.06  2891.5   850.1    -17.12    176.75
2.1821494
   12.11  2891.5   256.1     15.39    -80.93
  141.05  2891.5   916.9    -20.24    152.68
4.189714
   33.89  2891.5   333.4     37.40    143.92
  117.92  2891.5   852.7     47.17    -86.85
2.2561998
   12.63  2891.5   260.6     18.77    132.22
  139.26  2891.5   916.3     29.26    -71.89
4.175498
   33.53  2891.5   332.0     36.52    144.80
  117.87  2891.5   852.5     46.14    -88.82
2.2847211
   12.82  2891.5   261.0     18.74    132.71
  138.66  2891.5   914.9     29.16    -73.50
4.1642313
   33.03  2891.5   321.0    -31.07    132.00
  117.60  2891.5   842.5    -39.07     21.70
2.3144057
   12.90  2891.5   252.0    -16.47    147.22
  137.91  2891.5   904.0    -25.59      3.61
4.258224
   35.64  2891.5   332.0     24.02    136.90
  118.19  2891.5   845.0     54.11     24.96
2.1218994
   11.65  2891.5   249.3      3.52    149.80
  142.39  2891.5   913.9     37.89     -1.39
